0: 
- cam_R_m2c: [0.3371421992778778, 0.9111407399177551, 0.2369762659072876, 0.8017975687980652, -0.14596319198608398, -0.5794958472251892, -0.49341243505477905, 0.38537949323654175, -0.7797607183456421]
  cam_t_m2c: [-3.4870805740356445, 12.305440902709961, 742.3302612304688]
  obj_bb: [312, 227, 23, 31]
  obj_id: 1
1: 
- cam_R_m2c: [-0.9327051639556885, 0.3606260418891907, -0.003134300699457526, 0.31022608280181885, 0.7978608012199402, -0.5168926119804382, -0.18390420079231262, -0.48308074474334717, -0.8560444712638855]
  cam_t_m2c: [-0.33634909987449646, 11.678811073303223, 1002.2288818359375]
  obj_bb: [318, 231, 13, 22]
  obj_id: 1
2: 
- cam_R_m2c: [0.7165417671203613, -0.6923834085464478, 0.08469455689191818, -0.6839256882667542, -0.7212296724319458, -0.10987894237041473, 0.13716258108615875, 0.020808065310120583, -0.9903299808502197]
  cam_t_m2c: [-1.885472059249878, 0.8193424940109253, 901.0872192382812]
  obj_bb: [316, 235, 15, 15]
  obj_id: 1
3: 
- cam_R_m2c: [-0.7446131110191345, 0.6644535064697266, -0.06366421282291412, 0.6645776629447937, 0.7290674448013306, -0.1636987179517746, -0.0623546727001667, -0.1642020046710968, -0.9844540953636169]
  cam_t_m2c: [1.402099847793579, 4.731507778167725, 827.2752075195312]
  obj_bb: [318, 234, 16, 18]
  obj_id: 1
4: 
- cam_R_m2c: [-0.11951236426830292, -0.9805276393890381, -0.15582765638828278, -0.09508764743804932, 0.1675354689359665, -0.9812696576118469, 0.9882686734199524, -0.10245662927627563, -0.11325858533382416]
  cam_t_m2c: [1.9481580257415771, 20.046987533569336, 976.8461303710938]
  obj_bb: [-1, -1, -1, -1]
  obj_id: 1
5: 
- cam_R_m2c: [-0.21207208931446075, 0.9761711955070496, -0.045991573482751846, 0.22919872403144836, 0.003933475818485022, -0.973371684551239, -0.9499965310096741, -0.2169661819934845, -0.2245713770389557]
  cam_t_m2c: [1.859657883644104, 19.98215675354004, 1167.082275390625]
  obj_bb: [320, 231, 11, 22]
  obj_id: 1
6: 
- cam_R_m2c: [0.25668683648109436, -0.9619426727294922, 0.09369376301765442, -0.9424723386764526, -0.27060770988464355, -0.1962599903345108, 0.21414503455162048, -0.037926360964775085, -0.9760658740997314]
  cam_t_m2c: [-2.7740697860717773, 2.8620829582214355, 823.8397216796875]
  obj_bb: [315, 233, 17, 19]
  obj_id: 1
7: 
- cam_R_m2c: [0.5543939471244812, -0.7038635015487671, 0.4440985918045044, -0.4716508686542511, -0.7053627967834473, -0.5291587114334106, 0.6857060790061951, 0.08390293270349503, -0.723026692867279]
  cam_t_m2c: [-9.342175483703613, 9.541191101074219, 928.2606201171875]
  obj_bb: [313, 230, 22, 24]
  obj_id: 1
8: 
- cam_R_m2c: [0.8873634338378906, 0.4610687494277954, -0.001356796594336629, 0.4457155466079712, -0.8585609793663025, -0.25339967012405396, -0.11799953877925873, 0.2242528647184372, -0.9673610925674438]
  cam_t_m2c: [1.32196044921875, 4.560339450836182, 833.24169921875]
  obj_bb: [317, 232, 16, 21]
  obj_id: 1
9: 
- cam_R_m2c: [0.9861665964126587, -0.09958219528198242, 0.13250954449176788, -0.048076082020998, -0.9368945360183716, -0.34629178047180176, 0.15863190591335297, 0.33513084053993225, -0.9287216663360596]
  cam_t_m2c: [-1.949467420578003, 5.9301533699035645, 671.1527709960938]
  obj_bb: [313, 228, 21, 29]
  obj_id: 1
10: 
- cam_R_m2c: [0.06147419661283493, 0.9271665215492249, 0.36957183480262756, 0.24598243832588196, 0.3447779417037964, -0.9058812856674194, -0.9673229455947876, 0.14659656584262848, -0.20687174797058105]
  cam_t_m2c: [-6.402655124664307, 19.0125675201416, 1216.9180908203125]
  obj_bb: [317, 231, 15, 22]
  obj_id: 1
11: 
- cam_R_m2c: [0.9937364459037781, -0.06004626303911209, 0.09424616396427155, 0.0017374425660818815, -0.8349679112434387, -0.5502957701683044, 0.1117357388138771, 0.5470126867294312, -0.8296337127685547]
  cam_t_m2c: [-1.120449185371399, 10.234414100646973, 821.4009399414062]
  obj_bb: [316, 228, 16, 28]
  obj_id: 1
12: 
- cam_R_m2c: [-0.04023011773824692, 0.9955230951309204, -0.08552921563386917, 0.9354758262634277, 0.007449144497513771, -0.35331210494041443, -0.35109326243400574, -0.09422430396080017, -0.9315875172615051]
  cam_t_m2c: [2.8341546058654785, 7.999809265136719, 983.6625366210938]
  obj_bb: [319, 233, 13, 19]
  obj_id: 1
13: 
- cam_R_m2c: [-0.4867140054702759, 0.6336204409599304, 0.601361095905304, -0.25760331749916077, 0.5536853075027466, -0.7918795943260193, -0.8347158432006836, -0.540331244468689, -0.10626380890607834]
  cam_t_m2c: [-11.921958923339844, 16.496540069580078, 1324.579345703125]
  obj_bb: [316, 233, 17, 18]
  obj_id: 1
14: 
- cam_R_m2c: [-0.008036135695874691, 0.9999403357505798, -0.007404218427836895, 0.8951275944709778, 0.003892734879627824, -0.4457932114601135, -0.44573774933815, -0.010210147127509117, -0.8951054811477661]
  cam_t_m2c: [1.279669165611267, 9.839847564697266, 994.3095703125]
  obj_bb: [318, 232, 13, 21]
  obj_id: 1
15: 
- cam_R_m2c: [0.8824453353881836, 0.47040513157844543, 0.0030546465422958136, 0.454476535320282, -0.850852906703949, -0.2636307179927826, -0.12141416221857071, 0.2340279519557953, -0.9646192193031311]
  cam_t_m2c: [1.238654375076294, 4.784531593322754, 1003.2312622070312]
  obj_bb: [318, 234, 13, 17]
  obj_id: 1
16: 
- cam_R_m2c: [0.22176431119441986, 0.8834729194641113, -0.4126695692539215, 0.705954372882843, -0.43740314245224, -0.5570518970489502, -0.67264324426651, -0.1677916795015335, -0.720691978931427]
  cam_t_m2c: [9.581670761108398, 11.43493366241455, 656.4823608398438]
  obj_bb: [311, 225, 30, 35]
  obj_id: 1
17: 
- cam_R_m2c: [-0.7972394227981567, 0.5993010401725769, 0.07244167476892471, 0.5436856150627136, 0.764988124370575, -0.3452523648738861, -0.2623271048069, -0.23586326837539673, -0.9357100129127502]
  cam_t_m2c: [-1.483198881149292, 8.356672286987305, 1067.0042724609375]
  obj_bb: [318, 234, 12, 17]
  obj_id: 1
18: 
- cam_R_m2c: [-0.07522044330835342, 0.985884428024292, 0.14957906305789948, 0.9804440140724182, 0.1004786416888237, -0.16921468079090118, -0.18185561895370483, 0.13392549753189087, -0.9741625189781189]
  cam_t_m2c: [-1.9843937158584595, 4.403833389282227, 641.7908935546875]
  obj_bb: [312, 231, 23, 24]
  obj_id: 1
19: 
- cam_R_m2c: [-0.31897011399269104, 0.9189510941505432, 0.2319215089082718, 0.5422914624214172, 0.3776475191116333, -0.7505348920822144, -0.7772892713546753, -0.11362893879413605, -0.6187976598739624]
  cam_t_m2c: [-3.945178270339966, 16.150474548339844, 626.7046508789062]
  obj_bb: [310, 222, 27, 41]
  obj_id: 1
