0: 
- cam_R_m2c: [0.5577846169471741, 0.7954361438751221, 0.23697634041309357, 0.7383105754852295, -0.3450832664966583, -0.5794959664344788, -0.37917542457580566, 0.4981960654258728, -0.7797610759735107]
  cam_t_m2c: [143.8279266357422, -3.7277092933654785, 799.7006225585938]
  obj_bb: [420, 215, 24, 30]
  obj_id: 6
1: 
- cam_R_m2c: [-0.8103193640708923, 0.5859808921813965, -0.003134271362796426, 0.5029434561729431, 0.6927264928817749, -0.5168927311897278, -0.3007179796695709, -0.42042431235313416, -0.8560450077056885]
  cam_t_m2c: [48.95613479614258, 141.19277954101562, 924.469482421875]
  obj_bb: [348, 315, 15, 21]
  obj_id: 6
2: 
- cam_R_m2c: [0.516887903213501, -0.8518532514572144, 0.08469456434249878, -0.8448659181594849, -0.5235731601715088, -0.10987898707389832, 0.1379445344209671, -0.01476040668785572, -0.9903303980827332]
  cam_t_m2c: [-105.70101928710938, -119.37841033935547, 906.0839233398438]
  obj_bb: [250, 156, 15, 17]
  obj_id: 6
3: 
- cam_R_m2c: [-0.551139771938324, 0.8319806456565857, -0.06366420537233353, 0.8281470537185669, 0.5360738039016724, -0.1636987030506134, -0.10206544399261475, -0.14294418692588806, -0.9844539761543274]
  cam_t_m2c: [100.53594207763672, 126.1544189453125, 801.2158203125]
  obj_bb: [389, 323, 17, 17]
  obj_id: 6
4: 
- cam_R_m2c: [-0.3649580180644989, -0.917890727519989, -0.15582764148712158, -0.049352068454027176, 0.18620993196964264, -0.9812697172164917, 0.9297150373458862, -0.35043179988861084, -0.11325861513614655]
  cam_t_m2c: [-154.56948852539062, 46.345802307128906, 969.05322265625]
  obj_bb: [226, 239, 14, 31]
  obj_id: 6
5: 
- cam_R_m2c: [0.04316873103380203, 0.998008668422699, -0.04599156230688095, 0.22266271710395813, -0.054487477988004684, -0.973371684551239, -0.9739392995834351, 0.03177863359451294, -0.22457148134708405]
  cam_t_m2c: [154.97413635253906, 23.074905395507812, 1124.697021484375]
  obj_bb: [398, 228, 11, 27]
  obj_id: 6
6: 
- cam_R_m2c: [0.0035979661624878645, -0.9955946207046509, 0.09369374811649323, -0.9803048968315125, -0.022012576460838318, -0.19625994563102722, 0.19745776057243347, -0.09114228188991547, -0.9760655164718628]
  cam_t_m2c: [-153.27687072753906, -47.98592758178711, 820.1637573242188]
  obj_bb: [209, 197, 17, 19]
  obj_id: 6
7: 
- cam_R_m2c: [0.3571522831916809, -0.8217170834541321, 0.4440986216068268, -0.6355355381965637, -0.5622153878211975, -0.5291588306427002, 0.6844977140426636, -0.09325002133846283, -0.7230269908905029]
  cam_t_m2c: [-116.54998779296875, -106.10997772216797, 947.790771484375]
  obj_bb: [248, 157, 19, 26]
  obj_id: 6
8: 
- cam_R_m2c: [0.9754477739334106, 0.22022676467895508, -0.001356801949441433, 0.21270373463630676, -0.9436876773834229, -0.25339964032173157, -0.05708576738834381, 0.24688951671123505, -0.9673610925674438]
  cam_t_m2c: [82.02816772460938, -127.74578094482422, 868.337890625]
  obj_bb: [371, 141, 15, 23]
  obj_id: 6
9: 
- cam_R_m2c: [0.9284130334854126, -0.3471173346042633, 0.13250955939292908, -0.28477346897125244, -0.8938605785369873, -0.34629181027412415, 0.2386488914489746, 0.28376662731170654, -0.9287216067314148]
  cam_t_m2c: [-9.435437202453613, -142.95484924316406, 726.1741333007812]
  obj_bb: [308, 104, 18, 33]
  obj_id: 6
10: 
- cam_R_m2c: [0.37549978494644165, -0.849950909614563, 0.36957183480262756, -0.05804608017206192, -0.4195353090763092, -0.9058811664581299, 0.9250029921531677, 0.3187059462070465, -0.20687168836593628]
  cam_t_m2c: [162.66207885742188, 114.68991088867188, 1102.56201171875]
  obj_bb: [404, 277, 17, 27]
  obj_id: 6
11: 
- cam_R_m2c: [-0.9082682728767395, -0.4076361060142517, 0.09424620866775513, -0.3887474238872528, 0.7389519214630127, -0.5502959489822388, 0.15467701852321625, -0.5364540815353394, -0.8296341300010681]
  cam_t_m2c: [132.08473205566406, -133.64881896972656, 932.614013671875]
  obj_bb: [399, 137, 16, 28]
  obj_id: 6
12: 
- cam_R_m2c: [0.49730655550956726, -0.863348662853241, -0.08552925288677216, -0.8253503441810608, -0.44041723012924194, -0.3533121347427368, 0.2673629820346832, 0.24629603326320648, -0.9315875172615051]
  cam_t_m2c: [169.2646484375, 144.69741821289062, 917.1117553710938]
  obj_bb: [423, 323, 15, 16]
  obj_id: 6
13: 
- cam_R_m2c: [0.7250495553016663, -0.33566078543663025, 0.6013609766960144, 0.4849952161312103, -0.371088445186615, -0.7918795347213745, 0.4889609217643738, 0.8658090829849243, -0.106263667345047]
  cam_t_m2c: [27.003992080688477, 75.45670318603516, 1110.5167236328125]
  obj_bb: [334, 259, 21, 25]
  obj_id: 6
14: 
- cam_R_m2c: [0.47083190083503723, -0.8821920156478882, -0.007404246833175421, -0.7912522554397583, -0.4185555577278137, -0.4457932412624359, 0.39017605781555176, 0.21575234830379486, -0.8951057195663452]
  cam_t_m2c: [173.08609008789062, 140.139404296875, 928.5910034179688]
  obj_bb: [424, 317, 15, 18]
  obj_id: 6
15: 
- cam_R_m2c: [-0.5636759400367737, -0.8259907364845276, 0.0030546567868441343, -0.7972276210784912, 0.5430719256401062, -0.263630747795105, 0.2160976231098175, -0.15103749930858612, -0.9646192789077759]
  cam_t_m2c: [210.16017150878906, -76.55711364746094, 1026.6768798828125]
  obj_bb: [436, 188, 14, 17]
  obj_id: 6
16: 
- cam_R_m2c: [0.21322497725486755, -0.885572612285614, -0.4126695990562439, -0.8282967209815979, 0.06014738231897354, -0.5570518970489502, 0.518130898475647, 0.4605902433395386, -0.720691978931427]
  cam_t_m2c: [194.675537109375, 38.11650085449219, 530.6145629882812]
  obj_bb: [520, 251, 28, 43]
  obj_id: 6
17: 
- cam_R_m2c: [0.9842510223388672, -0.1612517535686493, 0.0724416971206665, -0.126934215426445, -0.9298863410949707, -0.3452523648738861, 0.12303508818149567, 0.3306196630001068, -0.9357099533081055]
  cam_t_m2c: [-13.096952438354492, 219.45257568359375, 988.7866821289062]
  obj_bb: [310, 362, 14, 14]
  obj_id: 6
18: 
- cam_R_m2c: [0.5238370895385742, -0.8385826945304871, 0.14957907795906067, -0.8220494389533997, -0.5436926484107971, -0.16921469569206238, 0.22322548925876617, -0.03432042524218559, -0.9741628170013428]
  cam_t_m2c: [157.59561157226562, 163.59495544433594, 639.189697265625]
  obj_bb: [456, 378, 31, 22]
  obj_id: 6
19: 
- cam_R_m2c: [0.7087522745132446, -0.6662452220916748, 0.23192141950130463, -0.30532434582710266, -0.5860671401023865, -0.75053471326828, 0.635961651802063, 0.4611319601535797, -0.6187973022460938]
  cam_t_m2c: [108.77981567382812, 160.26113891601562, 495.0249328613281]
  obj_bb: [437, 390, 39, 50]
  obj_id: 6
