{
    "0": [
        {
            "cam_R_m2c": [
                0.9711862206459045,
                -0.025289349257946014,
                0.23697632551193237,
                0.12041233479976654,
                -0.8060306906700134,
                -0.5794958472251892,
                0.20566526055335999,
                0.591333270072937,
                -0.7797607779502869
            ],
            "cam_t_m2c": [
                -154.69540405273438,
                120.06346130371094,
                614.6239624023438
            ],
            "obj_id": 5
        }
    ],
    "1": [
        {
            "cam_R_m2c": [
                0.040563832968473434,
                0.9991720914840698,
                -0.0031342722941190004,
                0.8552784323692322,
                -0.03634364530444145,
                -0.516892671585083,
                -0.5165785551071167,
                0.01828649826347828,
                -0.856044590473175
            ],
            "cam_t_m2c": [
                -165.25439453125,
                -120.19698333740234,
                1080.9400634765625
            ],
            "obj_id": 5
        }
    ],
    "2": [
        {
            "cam_R_m2c": [
                -0.4243079125881195,
                -0.9015485048294067,
                0.08469454944133759,
                -0.9032583832740784,
                0.41479018330574036,
                -0.10987894982099533,
                0.06393073499202728,
                -0.12312356382608414,
                -0.9903300404548645
            ],
            "cam_t_m2c": [
                209.11367797851562,
                79.56007385253906,
                909.080810546875
            ],
            "obj_id": 5
        }
    ],
    "3": [
        {
            "cam_R_m2c": [
                0.38881704211235046,
                0.9191128611564636,
                -0.06366425007581711,
                0.9044378995895386,
                -0.39394837617874146,
                -0.16369876265525818,
                -0.17553801834583282,
                0.006068538874387741,
                -0.984454333782196
            ],
            "cam_t_m2c": [
                -206.67095947265625,
                -77.85882568359375,
                853.141845703125
            ],
            "obj_id": 5
        }
    ],
    "4": [
        {
            "cam_R_m2c": [
                -0.9666810631752014,
                -0.20308975875377655,
                -0.15582771599292755,
                0.12791875004768372,
                0.14403672516345978,
                -0.9812697172164917,
                0.22173073887825012,
                -0.9685081243515015,
                -0.11325857788324356
            ],
            "cam_t_m2c": [
                188.75001525878906,
                -24.552797317504883,
                1094.746826171875
            ],
            "obj_id": 5
        }
    ],
    "5": [
        {
            "cam_R_m2c": [
                0.8556225895881653,
                0.5155528783798218,
                -0.04599163681268692,
                0.07763906568288803,
                -0.21568438410758972,
                -0.973371684551239,
                -0.5117442607879639,
                0.8292680382728577,
                -0.22457146644592285
            ],
            "cam_t_m2c": [
                -216.96084594726562,
                40.47799301147461,
                1117.26123046875
            ],
            "obj_id": 5
        }
    ],
    "6": [
        {
            "cam_R_m2c": [
                -0.8277658224105835,
                -0.5531954169273376,
                0.09369372576475143,
                -0.5600928664207458,
                0.8048465847969055,
                -0.19625990092754364,
                0.03316099941730499,
                -0.21493442356586456,
                -0.9760653376579285
            ],
            "cam_t_m2c": [
                217.61572265625,
                -35.307640075683594,
                851.3358764648438
            ],
            "obj_id": 5
        }
    ],
    "7": [
        {
            "cam_R_m2c": [
                -0.4874664843082428,
                -0.7517664432525635,
                0.44409844279289246,
                -0.8197811841964722,
                0.21897417306900024,
                -0.5291587114334106,
                0.3005577027797699,
                -0.6220108270645142,
                -0.7230265140533447
            ],
            "cam_t_m2c": [
                188.491455078125,
                105.41434478759766,
                977.806884765625
            ],
            "obj_id": 5
        }
    ],
    "8": [
        {
            "cam_R_m2c": [
                0.7226055860519409,
                -0.6912592053413391,
                -0.0013567755231633782,
                -0.6689466834068298,
                -0.6987838745117188,
                -0.25339964032173157,
                0.17421673238277435,
                0.18401560187339783,
                -0.9673606753349304
            ],
            "cam_t_m2c": [
                -4.799778461456299,
                222.14773559570312,
                774.9072265625
            ],
            "obj_id": 5
        }
    ],
    "9": [
        {
            "cam_R_m2c": [
                0.22377356886863708,
                -0.9655913710594177,
                0.1325094997882843,
                -0.9023410081863403,
                -0.25663766264915466,
                -0.34629175066947937,
                0.3683832287788391,
                -0.042077790945768356,
                -0.9287214279174805
            ],
            "cam_t_m2c": [
                115.48163604736328,
                190.6704864501953,
                617.62158203125
            ],
            "obj_id": 5
        }
    ],
    "10": [
        {
            "cam_R_m2c": [
                -0.3617371618747711,
                -0.8558991551399231,
                0.3695719242095947,
                -0.34533336758613586,
                -0.24520254135131836,
                -0.9058813452720642,
                0.8659628033638,
                -0.4553162157535553,
                -0.20687194168567657
            ],
            "cam_t_m2c": [
                -161.4141082763672,
                0.7837775349617004,
                1013.5216674804688
            ],
            "obj_id": 5
        }
    ],
    "11": [
        {
            "cam_R_m2c": [
                -0.9192655682563782,
                0.38218989968299866,
                0.09424617886543274,
                0.2718158960342407,
                0.7894875407218933,
                -0.550295889377594,
                -0.284723699092865,
                -0.4802502989768982,
                -0.8296340703964233
            ],
            "cam_t_m2c": [
                191.3923797607422,
                159.98216247558594,
                742.373046875
            ],
            "obj_id": 5
        }
    ],
    "12": [
        {
            "cam_R_m2c": [
                -0.28802940249443054,
                -0.9537947177886963,
                -0.08552926033735275,
                -0.8863231539726257,
                0.29933613538742065,
                -0.3533121943473816,
                0.3625892400741577,
                -0.02595764771103859,
                -0.9315879344940186
            ],
            "cam_t_m2c": [
                -183.64723205566406,
                177.1461944580078,
                935.2354125976562
            ],
            "obj_id": 5
        }
    ],
    "13": [
        {
            "cam_R_m2c": [
                0.2523561716079712,
                -0.7580775022506714,
                0.6013609766960144,
                0.062060508877038956,
                -0.6075159907341003,
                -0.7918795347213745,
                0.9656422734260559,
                0.23715652525424957,
                -0.10626387596130371
            ],
            "cam_t_m2c": [
                -214.01927185058594,
                -131.1739501953125,
                1269.07177734375
            ],
            "obj_id": 5
        }
    ],
    "14": [
        {
            "cam_R_m2c": [
                -0.3198941648006439,
                -0.9474244117736816,
                -0.007404228672385216,
                -0.8470352292060852,
                0.2894819974899292,
                -0.44579312205314636,
                0.42449864745140076,
                -0.13633495569229126,
                -0.8951054811477661
            ],
            "cam_t_m2c": [
                -180.01124572753906,
                172.13218688964844,
                913.5271606445312
            ],
            "obj_id": 5
        }
    ],
    "15": [
        {
            "cam_R_m2c": [
                -0.9878385663032532,
                -0.1554550975561142,
                0.003054653061553836,
                -0.15075182914733887,
                0.9527710676193237,
                -0.2636307179927826,
                0.03807234764099121,
                -0.26088500022888184,
                -0.9646191596984863
            ],
            "cam_t_m2c": [
                77.90811920166016,
                240.49415588378906,
                937.70458984375
            ],
            "obj_id": 5
        }
    ],
    "16": [
        {
            "cam_R_m2c": [
                -0.49887707829475403,
                -0.7621191143989563,
                -0.4126696288585663,
                -0.5237678289413452,
                0.6444846391677856,
                -0.5570518374443054,
                0.6904991269111633,
                -0.061757296323776245,
                -0.7206921577453613
            ],
            "cam_t_m2c": [
                -109.30042266845703,
                218.36886596679688,
                562.7999267578125
            ],
            "obj_id": 5
        }
    ],
    "17": [
        {
            "cam_R_m2c": [
                0.556995689868927,
                -0.8273501396179199,
                0.0724416971206665,
                -0.7642394304275513,
                -0.5447380542755127,
                -0.3452523946762085,
                0.32510626316070557,
                0.1369413435459137,
                -0.9357103705406189
            ],
            "cam_t_m2c": [
                -254.8424072265625,
                -30.304363250732422,
                1060.2626953125
            ],
            "obj_id": 5
        }
    ],
    "18": [
        {
            "cam_R_m2c": [
                -0.2518119812011719,
                -0.9561471343040466,
                0.14957909286022186,
                -0.9592790603637695,
                0.2261645346879959,
                -0.16921472549438477,
                0.12796463072299957,
                -0.18609832227230072,
                -0.9741628766059875
            ],
            "cam_t_m2c": [
                -192.8203582763672,
                165.2783966064453,
                583.2075805664062
            ],
            "obj_id": 5
        }
    ],
    "19": [
        {
            "cam_R_m2c": [
                0.00041582624544389546,
                -0.9727344512939453,
                0.2319214642047882,
                -0.6360654234886169,
                -0.17921610176563263,
                -0.7505347728729248,
                0.7716350555419922,
                -0.14720509946346283,
                -0.6187973022460938
            ],
            "cam_t_m2c": [
                -227.1796875,
                46.35983657836914,
                504.29248046875
            ],
            "obj_id": 5
        }
    ]
}