{
  "0": [{"cam_R_m2c": [0.3371421992778778, 0.9111407399177551, 0.2369762659072876, 0.8017975687980652, -0.14596319198608398, -0.5794958472251892, -0.49341243505477905, 0.38537949323654175, -0.7797607183456421], "cam_t_m2c": [-3.4870805740356445, 12.305440902709961, 742.3302612304688], "obj_id": 1}, {"cam_R_m2c": [-0.5698855519294739, 0.7868117094039917, 0.23697634041309357, 0.5671120882034302, 0.5852935314178467, -0.5794957876205444, -0.5946547985076904, -0.19585414230823517, -0.7797607183456421], "cam_t_m2c": [-186.05728149414062, 202.42352294921875, 545.6212158203125], "obj_id": 2}, {"cam_R_m2c": [-0.9619982838630676, -0.13565145432949066, 0.23697632551193237, -0.2520377039909363, 0.7750235795974731, -0.5794958472251892, -0.10505278408527374, -0.617201030254364, -0.7797605991363525], "cam_t_m2c": [367.1775207519531, 66.16854858398438, 814.7930908203125], "obj_id": 3}, {"cam_R_m2c": [-0.32069844007492065, 0.9170579314231873, 0.23697638511657715, 0.7109718322753906, 0.3983762860298157, -0.5794960260391235, -0.6258370876312256, -0.01735980622470379, -0.779761016368866], "cam_t_m2c": [451.814453125, 263.65631103515625, 691.3274536132812], "obj_id": 4}, {"cam_R_m2c": [0.9711862206459045, -0.025289349257946014, 0.23697632551193237, 0.12041233479976654, -0.8060306906700134, -0.5794958472251892, 0.20566526055335999, 0.591333270072937, -0.7797607779502869], "cam_t_m2c": [-154.69540405273438, 120.06346130371094, 614.6239624023438], "obj_id": 5}, {"cam_R_m2c": [0.5577846169471741, 0.7954361438751221, 0.23697634041309357, 0.7383105754852295, -0.3450832664966583, -0.5794959664344788, -0.37917542457580566, 0.4981960654258728, -0.7797610759735107], "cam_t_m2c": [143.8279266357422, -3.7277092933654785, 799.7006225585938], "obj_id": 6}],
  "1": [{"cam_R_m2c": [-0.9327051639556885, 0.3606260418891907, -0.003134300699457526, 0.31022608280181885, 0.7978608012199402, -0.5168926119804382, -0.18390420079231262, -0.48308074474334717, -0.8560444712638855], "cam_t_m2c": [-0.33634909987449646, 11.678811073303223, 1002.2288818359375], "obj_id": 1}, {"cam_R_m2c": [-0.8183214068412781, -0.5747531652450562, -0.003134289290755987, -0.4906933605670929, 0.701457142829895, -0.5168927311897278, 0.2992842197418213, -0.42144617438316345, -0.8560450077056885], "cam_t_m2c": [-272.9661865234375, -145.33641052246094, 1098.095458984375], "obj_id": 2}, {"cam_R_m2c": [0.12521468102931976, -0.9921247363090515, -0.003134322352707386, -0.8495141267776489, -0.10558304935693741, -0.5168926119804382, 0.5124910473823547, 0.06738520413637161, -0.8560445308685303], "cam_t_m2c": [5.202057361602783, 338.1575012207031, 804.9337768554688], "obj_id": 3}, {"cam_R_m2c": [-0.9486415982246399, -0.3163387179374695, -0.0031342674046754837, -0.2692657709121704, 0.8125994801521301, -0.5168927311897278, 0.16606006026268005, -0.4895017743110657, -0.8560448884963989], "cam_t_m2c": [-225.67193603515625, 414.62152099609375, 757.404296875], "obj_id": 4}, {"cam_R_m2c": [0.040563832968473434, 0.9991720914840698, -0.0031342722941190004, 0.8552784323692322, -0.03634364530444145, -0.516892671585083, -0.5165785551071167, 0.01828649826347828, -0.856044590473175], "cam_t_m2c": [-165.25439453125, -120.19698333740234, 1080.9400634765625], "obj_id": 5}, {"cam_R_m2c": [-0.8103193640708923, 0.5859808921813965, -0.003134271362796426, 0.5029434561729431, 0.6927264928817749, -0.5168927311897278, -0.3007179796695709, -0.42042431235313416, -0.8560450077056885], "cam_t_m2c": [48.95613479614258, 141.19277954101562, 924.469482421875], "obj_id": 6}],
  "2": [{"cam_R_m2c": [0.7165417671203613, -0.6923834085464478, 0.08469455689191818, -0.6839256882667542, -0.7212296724319458, -0.10987894237041473, 0.13716258108615875, 0.020808065310120583, -0.9903299808502197], "cam_t_m2c": [-1.885472059249878, 0.8193424940109253, 901.0872192382812], "obj_id": 1}, {"cam_R_m2c": [0.9738906621932983, 0.21062709391117096, 0.08469457179307938, 0.21922604739665985, -0.9694676399230957, -0.10987897962331772, 0.05896512046456337, 0.12557736039161682, -0.9903303980827332], "cam_t_m2c": [319.6567687988281, 66.9495620727539, 921.3007202148438], "obj_id": 2}, {"cam_R_m2c": [0.269388884305954, 0.95930016040802, 0.08469457179307938, 0.959412693977356, -0.25971999764442444, -0.10987897217273712, -0.08341004699468613, 0.11085722595453262, -0.9903304576873779], "cam_t_m2c": [-154.73390197753906, -347.79541015625, 926.572021484375], "obj_id": 3}, {"cam_R_m2c": [0.9934204816818237, -0.07708798348903656, 0.08469455689191818, -0.06758240610361099, -0.991645097732544, -0.10987897962331772, 0.09245725721120834, 0.10343217104673386, -0.9903303384780884], "cam_t_m2c": [22.493602752685547, -517.9905395507812, 958.70654296875], "obj_id": 4}, {"cam_R_m2c": [-0.4243079125881195, -0.9015485048294067, 0.08469454944133759, -0.9032583832740784, 0.41479018330574036, -0.10987894982099533, 0.06393073499202728, -0.12312356382608414, -0.9903300404548645], "cam_t_m2c": [209.11367797851562, 79.56007385253906, 909.080810546875], "obj_id": 5}, {"cam_R_m2c": [0.516887903213501, -0.8518532514572144, 0.08469456434249878, -0.8448659181594849, -0.5235731601715088, -0.10987898707389832, 0.1379445344209671, -0.01476040668785572, -0.9903303980827332], "cam_t_m2c": [-105.70101928710938, -119.37841033935547, 906.0839233398438], "obj_id": 6}],
  "3": [{"cam_R_m2c": [-0.7446131110191345, 0.6644535064697266, -0.06366421282291412, 0.6645776629447937, 0.7290674448013306, -0.1636987179517746, -0.0623546727001667, -0.1642020046710968, -0.9844540953636169], "cam_t_m2c": [1.402099847793579, 4.731507778167725, 827.2752075195312], "obj_id": 1}, {"cam_R_m2c": [-0.9662827253341675, -0.24948838353157043, -0.06366422772407532, -0.23649802803993225, 0.9577428698539734, -0.1636987179517746, 0.1018148884177208, -0.14312279224395752, -0.9844539165496826], "cam_t_m2c": [-317.8785705566406, -67.13643646240234, 859.9257202148438], "obj_id": 2}, {"cam_R_m2c": [-0.2314831018447876, -0.9707537889480591, -0.0636642575263977, -0.9571293592453003, 0.2389695644378662, -0.16369874775409698, 0.17412498593330383, 0.023041466251015663, -0.9844543933868408], "cam_t_m2c": [140.5433349609375, 353.5555725097656, 760.1497192382812], "obj_id": 3}, {"cam_R_m2c": [-0.997260332107544, 0.037675533443689346, -0.06366424262523651, 0.047676265239715576, 0.9853576421737671, -0.16369876265525818, 0.056564610451459885, -0.16628548502922058, -0.984454333782196], "cam_t_m2c": [-43.62031936645508, 518.4454956054688, 742.7238159179688], "obj_id": 4}, {"cam_R_m2c": [0.38881704211235046, 0.9191128611564636, -0.06366425007581711, 0.9044378995895386, -0.39394837617874146, -0.16369876265525818, -0.17553801834583282, 0.006068538874387741, -0.984454333782196], "cam_t_m2c": [-206.67095947265625, -77.85882568359375, 853.141845703125], "obj_id": 5}, {"cam_R_m2c": [-0.551139771938324, 0.8319806456565857, -0.06366420537233353, 0.8281470537185669, 0.5360738039016724, -0.1636987030506134, -0.10206544399261475, -0.14294418692588806, -0.9844539761543274], "cam_t_m2c": [100.53594207763672, 126.1544189453125, 801.2158203125], "obj_id": 6}],
  "4": [{"cam_R_m2c": [-0.11951236426830292, -0.9805276393890381, -0.15582765638828278, -0.09508764743804932, 0.1675354689359665, -0.9812696576118469, 0.9882686734199524, -0.10245662927627563, -0.11325858533382416], "cam_t_m2c": [1.9481580257415771, 20.046987533569336, 976.8461303710938], "obj_id": 1}, {"cam_R_m2c": [0.7485586404800415, -0.6444980502128601, -0.15582779049873352, -0.1921214759349823, 0.014111427590250969, -0.9812698364257812, 0.6346253752708435, 0.76447594165802, -0.11325869709253311], "cam_t_m2c": [244.14401245117188, -42.99217224121094, 1190.2435302734375], "obj_id": 2}, {"cam_R_m2c": [0.9197911024093628, 0.3601417541503906, -0.15582777559757233, -0.10234033316373825, -0.1632063239812851, -0.9812698364257812, -0.378828227519989, 0.9185107350349426, -0.1132587194442749], "cam_t_m2c": [-364.71844482421875, 67.28080749511719, 1071.0211181640625], "obj_id": 3}, {"cam_R_m2c": [0.5326428413391113, -0.8318710327148438, -0.15582777559757233, -0.18003404140472412, 0.06853844225406647, -0.9812697768211365, 0.8269700407981873, 0.5507206916809082, -0.11325862258672714], "cam_t_m2c": [-395.3228759765625, 41.9849739074707, 1315.626953125], "obj_id": 4}, {"cam_R_m2c": [-0.9666810631752014, -0.20308975875377655, -0.15582771599292755, 0.12791875004768372, 0.14403672516345978, -0.9812697172164917, 0.22173073887825012, -0.9685081243515015, -0.11325857788324356], "cam_t_m2c": [188.75001525878906, -24.552797317504883, 1094.746826171875], "obj_id": 5}, {"cam_R_m2c": [-0.3649580180644989, -0.917890727519989, -0.15582764148712158, -0.049352068454027176, 0.18620993196964264, -0.9812697172164917, 0.9297150373458862, -0.35043179988861084, -0.11325861513614655], "cam_t_m2c": [-154.56948852539062, 46.345802307128906, 969.05322265625], "obj_id": 6}],
  "5": [{"cam_R_m2c": [-0.21207208931446075, 0.9761711955070496, -0.045991573482751846, 0.22919872403144836, 0.003933475818485022, -0.973371684551239, -0.9499965310096741, -0.2169661819934845, -0.2245713770389557], "cam_t_m2c": [1.859657883644104, 19.98215675354004, 1167.082275390625], "obj_id": 1}, {"cam_R_m2c": [-0.9292945265769958, 0.36646589636802673, -0.04599156975746155, 0.12416201084852219, 0.19269481301307678, -0.9733719229698181, -0.3478451669216156, -0.9102591872215271, -0.22457170486450195], "cam_t_m2c": [-301.4688415527344, 62.0468635559082, 1047.1092529296875], "obj_id": 2}, {"cam_R_m2c": [-0.7585934996604919, -0.6499390602111816, -0.04599149525165558, -0.11223527789115906, 0.1998768448829651, -0.9733717441558838, 0.6418249011039734, -0.7332315444946289, -0.2245713770389557], "cam_t_m2c": [323.041259765625, 51.6170654296875, 963.6470947265625], "obj_id": 3}, {"cam_R_m2c": [-0.7854291796684265, 0.6172404289245605, -0.045991625636816025, 0.1741441786289215, 0.14906828105449677, -0.973371684551239, -0.593948483467102, -0.7725237011909485, -0.22457140684127808], "cam_t_m2c": [271.0953063964844, 106.5781021118164, 727.6608276367188], "obj_id": 4}, {"cam_R_m2c": [0.8556225895881653, 0.5155528783798218, -0.04599163681268692, 0.07763906568288803, -0.21568438410758972, -0.973371684551239, -0.5117442607879639, 0.8292680382728577, -0.22457146644592285], "cam_t_m2c": [-216.96084594726562, 40.47799301147461, 1117.26123046875], "obj_id": 5}, {"cam_R_m2c": [0.04316873103380203, 0.998008668422699, -0.04599156230688095, 0.22266271710395813, -0.054487477988004684, -0.973371684551239, -0.9739392995834351, 0.03177863359451294, -0.22457148134708405], "cam_t_m2c": [154.97413635253906, 23.074905395507812, 1124.697021484375], "obj_id": 6}],
  "6": [{"cam_R_m2c": [0.25668683648109436, -0.9619426727294922, 0.09369376301765442, -0.9424723386764526, -0.27060770988464355, -0.1962599903345108, 0.21414503455162048, -0.037926360964775085, -0.9760658740997314], "cam_t_m2c": [-2.7740697860717773, 2.8620829582214355, 823.8397216796875], "obj_id": 1}, {"cam_R_m2c": [0.9422726631164551, -0.321471244096756, 0.09369374811649323, -0.29907557368278503, -0.9338290691375732, -0.19625993072986603, 0.1505858153104782, 0.15690885484218597, -0.9760657548904419], "cam_t_m2c": [305.0965881347656, -101.22032928466797, 874.3734130859375], "obj_id": 2}, {"cam_R_m2c": [0.724895715713501, 0.6824571490287781, 0.09369375556707382, 0.6854698061943054, -0.7011517882347107, -0.19625996053218842, -0.06824547797441483, 0.20649224519729614, -0.9760656952857971], "cam_t_m2c": [-312.9519348144531, -218.76593017578125, 838.5040893554688], "obj_id": 3}, {"cam_R_m2c": [0.8107492923736572, -0.5778469443321228, 0.09369372576475143, -0.5539711117744446, -0.8090724349021912, -0.19625993072986603, 0.18921320140361786, 0.10721398144960403, -0.9760653972625732], "cam_t_m2c": [-249.8502655029297, -452.8721923828125, 889.7000122070312], "obj_id": 4}, {"cam_R_m2c": [-0.8277658224105835, -0.5531954169273376, 0.09369372576475143, -0.5600928664207458, 0.8048465847969055, -0.19625990092754364, 0.03316099941730499, -0.21493442356586456, -0.9760653376579285], "cam_t_m2c": [217.61572265625, -35.307640075683594, 851.3358764648438], "obj_id": 5}, {"cam_R_m2c": [0.0035979661624878645, -0.9955946207046509, 0.09369374811649323, -0.9803048968315125, -0.022012576460838318, -0.19625994563102722, 0.19745776057243347, -0.09114228188991547, -0.9760655164718628], "cam_t_m2c": [-153.27687072753906, -47.98592758178711, 820.1637573242188], "obj_id": 6}],
  "7": [{"cam_R_m2c": [0.5543939471244812, -0.7038635015487671, 0.4440985918045044, -0.4716508686542511, -0.7053627967834473, -0.5291587114334106, 0.6857060790061951, 0.08390293270349503, -0.723026692867279], "cam_t_m2c": [-9.342175483703613, 9.541191101074219, 928.2606201171875], "obj_id": 1}, {"cam_R_m2c": [0.8932808041572571, 0.0694686695933342, 0.44409865140914917, 0.32405969500541687, -0.7842047810554504, -0.5291588306427002, 0.3115041255950928, 0.616601824760437, -0.7230271100997925], "cam_t_m2c": [284.8055725097656, 111.30596923828125, 1034.5255126953125], "obj_id": 2}, {"cam_R_m2c": [0.3564458191394806, 0.8220236301422119, 0.444098562002182, 0.8447049260139465, -0.08040265738964081, -0.5291586518287659, -0.39927420020103455, 0.5637486577033997, -0.7230265736579895], "cam_t_m2c": [-187.72268676757812, -305.34228515625, 1048.9798583984375], "obj_id": 3}, {"cam_R_m2c": [0.8757629990577698, -0.18925021588802338, 0.4440985321998596, 0.0859144851565361, -0.8441621661186218, -0.5291587114334106, 0.47503456473350525, 0.5015721321105957, -0.723026692867279], "cam_t_m2c": [-50.00510025024414, -423.7159118652344, 1217.59228515625], "obj_id": 4}, {"cam_R_m2c": [-0.4874664843082428, -0.7517664432525635, 0.44409844279289246, -0.8197811841964722, 0.21897417306900024, -0.5291587114334106, 0.3005577027797699, -0.6220108270645142, -0.7230265140533447], "cam_t_m2c": [188.491455078125, 105.41434478759766, 977.806884765625], "obj_id": 5}, {"cam_R_m2c": [0.3571522831916809, -0.8217170834541321, 0.4440986216068268, -0.6355355381965637, -0.5622153878211975, -0.5291588306427002, 0.6844977140426636, -0.09325002133846283, -0.7230269908905029], "cam_t_m2c": [-116.54998779296875, -106.10997772216797, 947.790771484375], "obj_id": 6}],
  "8": [{"cam_R_m2c": [0.8873634338378906, 0.4610687494277954, -0.001356796594336629, 0.4457155466079712, -0.8585609793663025, -0.25339967012405396, -0.11799953877925873, 0.2242528647184372, -0.9673610925674438], "cam_t_m2c": [1.32196044921875, 4.560339450836182, 833.24169921875], "obj_id": 1}, {"cam_R_m2c": [0.11012578010559082, 0.9939168691635132, -0.0013567782007157803, 0.9614400863647461, -0.10687360167503357, -0.25339969992637634, -0.25200319290161133, 0.026601416990160942, -0.9673610925674438], "cam_t_m2c": [43.65083694458008, 320.072265625, 750.58740234375], "obj_id": 2}, {"cam_R_m2c": [-0.8269627094268799, 0.5622550845146179, -0.001356787164695561, 0.5441888570785522, 0.7997794151306152, -0.25339964032173157, -0.1413901150226593, -0.21029040217399597, -0.9673606753349304], "cam_t_m2c": [283.77496337890625, -243.64332580566406, 897.7366943359375], "obj_id": 3}, {"cam_R_m2c": [0.39014264941215515, 0.9207534193992615, -0.001356832217425108, 0.890568196773529, -0.37772586941719055, -0.2533995807170868, -0.23383106291294098, 0.09765362739562988, -0.9673606753349304], "cam_t_m2c": [503.9874267578125, -134.2823028564453, 866.8297729492188], "obj_id": 4}, {"cam_R_m2c": [0.7226055860519409, -0.6912592053413391, -0.0013567755231633782, -0.6689466834068298, -0.6987838745117188, -0.25339964032173157, 0.17421673238277435, 0.18401560187339783, -0.9673606753349304], "cam_t_m2c": [-4.799778461456299, 222.14773559570312, 774.9072265625], "obj_id": 5}, {"cam_R_m2c": [0.9754477739334106, 0.22022676467895508, -0.001356801949441433, 0.21270373463630676, -0.9436876773834229, -0.25339964032173157, -0.05708576738834381, 0.24688951671123505, -0.9673610925674438], "cam_t_m2c": [82.02816772460938, -127.74578094482422, 868.337890625], "obj_id": 6}],
  "9": [{"cam_R_m2c": [0.9861665964126587, -0.09958219528198242, 0.13250954449176788, -0.048076082020998, -0.9368945360183716, -0.34629178047180176, 0.15863190591335297, 0.33513084053993225, -0.9287216663360596], "cam_t_m2c": [-1.949467420578003, 5.9301533699035645, 671.1527709960938], "obj_id": 1}, {"cam_R_m2c": [0.631067156791687, 0.7643269300460815, 0.13250958919525146, 0.7520087957382202, -0.560861349105835, -0.34629184007644653, -0.1903606504201889, 0.3181817829608917, -0.9287217259407043], "cam_t_m2c": [210.26434326171875, 249.78485107421875, 610.5608520507812], "obj_id": 2}, {"cam_R_m2c": [-0.38036084175109863, 0.9152963757514954, 0.1325095146894455, 0.847482442855835, 0.4023130238056183, -0.34629184007644653, -0.37026992440223694, -0.019416285678744316, -0.9287217259407043], "cam_t_m2c": [93.00536346435547, -335.6898193359375, 811.9495239257812], "obj_id": 3}, {"cam_R_m2c": [0.8235183358192444, 0.5515966415405273, 0.1325095295906067, 0.5598994493484497, -0.7527251243591309, -0.34629181027412415, -0.09127014130353928, 0.3593696653842926, -0.9287216067314148], "cam_t_m2c": [337.55633544921875, -348.9208679199219, 849.7432861328125], "obj_id": 4}, {"cam_R_m2c": [0.22377356886863708, -0.9655913710594177, 0.1325094997882843, -0.9023410081863403, -0.25663766264915466, -0.34629175066947937, 0.3683832287788391, -0.042077790945768356, -0.9287214279174805], "cam_t_m2c": [115.48163604736328, 190.6704864501953, 617.62158203125], "obj_id": 5}, {"cam_R_m2c": [0.9284130334854126, -0.3471173346042633, 0.13250955939292908, -0.28477346897125244, -0.8938605785369873, -0.34629181027412415, 0.2386488914489746, 0.28376662731170654, -0.9287216067314148], "cam_t_m2c": [-9.435437202453613, -142.95484924316406, 726.1741333007812], "obj_id": 6}],
  "10": [{"cam_R_m2c": [0.06147419661283493, 0.9271665215492249, 0.36957183480262756, 0.24598243832588196, 0.3447779417037964, -0.9058812856674194, -0.9673229455947876, 0.14659656584262848, -0.20687174797058105], "cam_t_m2c": [-6.402655124664307, 19.0125675201416, 1216.9180908203125], "obj_id": 1}, {"cam_R_m2c": [-0.7497639656066895, 0.5488812327384949, 0.36957186460494995, -0.15920943021774292, 0.3924686908721924, -0.9058811664581299, -0.6422665119171143, -0.7380363941192627, -0.20687179267406464], "cam_t_m2c": [136.2629852294922, 93.73993682861328, 1144.80859375], "obj_id": 2}, {"cam_R_m2c": [0.1640370786190033, -0.9146084785461426, 0.3695719242095947, -0.15553197264671326, -0.39394065737724304, -0.9058813452720642, 0.9741159677505493, 0.09111800789833069, -0.2068718820810318], "cam_t_m2c": [196.90626525878906, 108.84882354736328, 1186.1488037109375], "obj_id": 3}, {"cam_R_m2c": [0.8481822609901428, 0.379477858543396, 0.3695719242095947, 0.41980278491973877, -0.05607990548014641, -0.9058812856674194, -0.3230363130569458, 0.9234997630119324, -0.20687183737754822], "cam_t_m2c": [-226.07406616210938, -30.853660583496094, 1033.1307373046875], "obj_id": 4}, {"cam_R_m2c": [-0.3617371618747711, -0.8558991551399231, 0.3695719242095947, -0.34533336758613586, -0.24520254135131836, -0.9058813452720642, 0.8659628033638, -0.4553162157535553, -0.20687194168567657], "cam_t_m2c": [-161.4141082763672, 0.7837775349617004, 1013.5216674804688], "obj_id": 5}, {"cam_R_m2c": [0.37549978494644165, -0.849950909614563, 0.36957183480262756, -0.05804608017206192, -0.4195353090763092, -0.9058811664581299, 0.9250029921531677, 0.3187059462070465, -0.20687168836593628], "cam_t_m2c": [162.66207885742188, 114.68991088867188, 1102.56201171875], "obj_id": 6}],
  "11": [{"cam_R_m2c": [0.9937364459037781, -0.06004626303911209, 0.09424616396427155, 0.0017374425660818815, -0.8349679112434387, -0.5502957701683044, 0.1117357388138771, 0.5470126867294312, -0.8296337127685547], "cam_t_m2c": [-1.120449185371399, 10.234414100646973, 821.4009399414062], "obj_id": 1}, {"cam_R_m2c": [0.5833590030670166, 0.806727945804596, 0.09424617886543274, 0.705812931060791, -0.44609713554382324, -0.5502957701683044, -0.40189599990844727, 0.38754016160964966, -0.8296337723731995], "cam_t_m2c": [86.3178482055664, -112.70006561279297, 912.9384155273438], "obj_id": 2}, {"cam_R_m2c": [-0.9788672924041748, -0.18148410320281982, 0.09424614161252975, -0.20313692092895508, 0.8098827004432678, -0.5502957105636597, 0.02354160137474537, -0.5578113198280334, -0.8296338319778442], "cam_t_m2c": [49.940391540527344, -169.20883178710938, 946.0795288085938], "obj_id": 3}, {"cam_R_m2c": [0.4118867814540863, -0.9063482284545898, 0.09424617141485214, -0.737122654914856, -0.3922053873538971, -0.550295889377594, 0.5357234477996826, 0.15718869864940643, -0.8296340703964233], "cam_t_m2c": [165.008056640625, 216.30419921875, 701.1656494140625], "obj_id": 4}, {"cam_R_m2c": [-0.9192655682563782, 0.38218989968299866, 0.09424617886543274, 0.2718158960342407, 0.7894875407218933, -0.550295889377594, -0.284723699092865, -0.4802502989768982, -0.8296340703964233], "cam_t_m2c": [191.3923797607422, 159.98216247558594, 742.373046875], "obj_id": 5}, {"cam_R_m2c": [-0.9082682728767395, -0.4076361060142517, 0.09424620866775513, -0.3887474238872528, 0.7389519214630127, -0.5502959489822388, 0.15467701852321625, -0.5364540815353394, -0.8296341300010681], "cam_t_m2c": [132.08473205566406, -133.64881896972656, 932.614013671875], "obj_id": 6}],
  "12": [{"cam_R_m2c": [-0.04023011773824692, 0.9955230951309204, -0.08552921563386917, 0.9354758262634277, 0.007449144497513771, -0.35331210494041443, -0.35109326243400574, -0.09422430396080017, -0.9315875172615051], "cam_t_m2c": [2.8341546058654785, 7.999809265136719, 983.6625366210938], "obj_id": 1}, {"cam_R_m2c": [-0.8619868159294128, 0.49966326355934143, -0.08552925288677216, 0.4951501786708832, 0.7937234044075012, -0.3533121645450592, -0.10865054279565811, -0.34690025448799133, -0.9315874576568604], "cam_t_m2c": [145.74803161621094, 99.76883697509766, 935.792724609375], "obj_id": 2}, {"cam_R_m2c": [0.27922916412353516, -0.9564079642295837, -0.08552926033735275, -0.906043529510498, -0.2329295426607132, -0.353312224149704, 0.3179882764816284, 0.17614834010601044, -0.9315879344940186], "cam_t_m2c": [214.2362823486328, 69.7656478881836, 940.697998046875], "obj_id": 3}, {"cam_R_m2c": [0.8610092401504517, 0.5013460516929626, -0.08552923053503036, 0.444279283285141, -0.8232777714729309, -0.3533121347427368, -0.2475459724664688, 0.26620614528656006, -0.9315874576568604], "cam_t_m2c": [-250.15103149414062, 147.6470947265625, 951.7703857421875], "obj_id": 4}, {"cam_R_m2c": [-0.28802940249443054, -0.9537947177886963, -0.08552926033735275, -0.8863231539726257, 0.29933613538742065, -0.3533121943473816, 0.3625892400741577, -0.02595764771103859, -0.9315879344940186], "cam_t_m2c": [-183.64723205566406, 177.1461944580078, 935.2354125976562], "obj_id": 5}, {"cam_R_m2c": [0.49730655550956726, -0.863348662853241, -0.08552925288677216, -0.8253503441810608, -0.44041723012924194, -0.3533121347427368, 0.2673629820346832, 0.24629603326320648, -0.9315875172615051], "cam_t_m2c": [169.2646484375, 144.69741821289062, 917.1117553710938], "obj_id": 6}],
  "13": [{"cam_R_m2c": [-0.4867140054702759, 0.6336204409599304, 0.601361095905304, -0.25760331749916077, 0.5536853075027466, -0.7918795943260193, -0.8347158432006836, -0.540331244468689, -0.10626380890607834], "cam_t_m2c": [-11.921958923339844, 16.496540069580078, 1324.579345703125], "obj_id": 1}, {"cam_R_m2c": [-0.795794665813446, -0.07124824821949005, 0.6013610363006592, -0.6055042147636414, 0.07932021468877792, -0.7918795347213745, 0.008719849400222301, -0.9942998886108398, -0.10626396536827087], "cam_t_m2c": [34.32086181640625, 73.22523498535156, 1164.0150146484375], "obj_id": 2}, {"cam_R_m2c": [0.6252076625823975, -0.49747395515441895, 0.6013610363006592, 0.3835797607898712, -0.47517749667167664, -0.7918794751167297, 0.6796925663948059, 0.7257590293884277, -0.10626372694969177], "cam_t_m2c": [93.03172302246094, 118.84330749511719, 1154.6920166015625], "obj_id": 3}, {"cam_R_m2c": [0.3322601318359375, 0.7266141772270203, 0.6013609766960144, 0.3688121736049652, 0.4867284595966339, -0.791879415512085, -0.8680903315544128, 0.4848991930484772, -0.10626369714736938], "cam_t_m2c": [-241.71566772460938, -161.46018981933594, 1331.377685546875], "obj_id": 4}, {"cam_R_m2c": [0.2523561716079712, -0.7580775022506714, 0.6013609766960144, 0.062060508877038956, -0.6075159907341003, -0.7918795347213745, 0.9656422734260559, 0.23715652525424957, -0.10626387596130371], "cam_t_m2c": [-214.01927185058594, -131.1739501953125, 1269.07177734375], "obj_id": 5}, {"cam_R_m2c": [0.7250495553016663, -0.33566078543663025, 0.6013609766960144, 0.4849952161312103, -0.371088445186615, -0.7918795347213745, 0.4889609217643738, 0.8658090829849243, -0.106263667345047], "cam_t_m2c": [27.003992080688477, 75.45670318603516, 1110.5167236328125], "obj_id": 6}],
  "14": [{"cam_R_m2c": [-0.008036135695874691, 0.9999403357505798, -0.007404218427836895, 0.8951275944709778, 0.003892734879627824, -0.4457932114601135, -0.44573774933815, -0.010210147127509117, -0.8951054811477661], "cam_t_m2c": [1.279669165611267, 9.839847564697266, 994.3095703125], "obj_id": 1}, {"cam_R_m2c": [-0.8484594225883484, 0.5292094349861145, -0.0074042282067239285, 0.47652488946914673, 0.757754921913147, -0.4457933008670807, -0.23030737042427063, -0.3817656338214874, -0.8951058387756348], "cam_t_m2c": [147.96067810058594, 97.17924499511719, 949.65576171875], "obj_id": 2}, {"cam_R_m2c": [0.24905185401439667, -0.9684618711471558, -0.007404241245239973, -0.8677451014518738, -0.21974313259124756, -0.44579315185546875, 0.43010663986206055, 0.11745062470436096, -0.8951054811477661], "cam_t_m2c": [215.7128448486328, 68.23313903808594, 963.318115234375], "obj_id": 3}, {"cam_R_m2c": [0.879976212978363, 0.4749600291252136, -0.007404198870062828, 0.4222578704357147, -0.7892824411392212, -0.44579312205314636, -0.21757791936397552, 0.3891608715057373, -0.8951053619384766], "cam_t_m2c": [-247.7493133544922, 144.04925537109375, 927.2843017578125], "obj_id": 4}, {"cam_R_m2c": [-0.3198941648006439, -0.9474244117736816, -0.007404228672385216, -0.8470352292060852, 0.2894819974899292, -0.44579312205314636, 0.42449864745140076, -0.13633495569229126, -0.8951054811477661], "cam_t_m2c": [-180.01124572753906, 172.13218688964844, 913.5271606445312], "obj_id": 5}, {"cam_R_m2c": [0.47083190083503723, -0.8821920156478882, -0.007404246833175421, -0.7912522554397583, -0.4185555577278137, -0.4457932412624359, 0.39017605781555176, 0.21575234830379486, -0.8951057195663452], "cam_t_m2c": [173.08609008789062, 140.139404296875, 928.5910034179688], "obj_id": 6}],
  "15": [{"cam_R_m2c": [0.8824453353881836, 0.47040513157844543, 0.0030546465422958136, 0.454476535320282, -0.850852906703949, -0.2636307179927826, -0.12141416221857071, 0.2340279519557953, -0.9646192193031311], "cam_t_m2c": [1.238654375076294, 4.784531593322754, 1003.2312622070312], "obj_id": 1}, {"cam_R_m2c": [0.07589594274759293, 0.9971112012863159, 0.003054690547287464, 0.9619023203849792, -0.07240860164165497, -0.2636307179927826, -0.26264792680740356, 0.02294684574007988, -0.9646191000938416], "cam_t_m2c": [156.12168884277344, -76.63449096679688, 1026.0269775390625], "obj_id": 2}, {"cam_R_m2c": [-0.742883026599884, -0.6694141626358032, 0.0030546383932232857, -0.6463337540626526, 0.7160666584968567, -0.2636306583881378, 0.17429077625274658, -0.19782108068466187, -0.9646187424659729], "cam_t_m2c": [159.15370178222656, -148.90003967285156, 1045.6072998046875], "obj_id": 3}, {"cam_R_m2c": [0.8286224603652954, -0.5597995519638062, 0.003054662374779582, -0.5393309593200684, -0.7997633814811707, -0.2636306881904602, 0.15002334117889404, 0.21680285036563873, -0.9646191596984863], "cam_t_m2c": [18.81674575805664, 284.1880187988281, 924.8433227539062], "obj_id": 4}, {"cam_R_m2c": [-0.9878385663032532, -0.1554550975561142, 0.003054653061553836, -0.15075182914733887, 0.9527710676193237, -0.2636307179927826, 0.03807234764099121, -0.26088500022888184, -0.9646191596984863], "cam_t_m2c": [77.90811920166016, 240.49415588378906, 937.70458984375], "obj_id": 5}, {"cam_R_m2c": [-0.5636759400367737, -0.8259907364845276, 0.0030546567868441343, -0.7972276210784912, 0.5430719256401062, -0.263630747795105, 0.2160976231098175, -0.15103749930858612, -0.9646192789077759], "cam_t_m2c": [210.16017150878906, -76.55711364746094, 1026.6768798828125], "obj_id": 6}],
  "16": [{"cam_R_m2c": [0.22176431119441986, 0.8834729194641113, -0.4126695692539215, 0.705954372882843, -0.43740314245224, -0.5570518970489502, -0.67264324426651, -0.1677916795015335, -0.720691978931427], "cam_t_m2c": [9.581670761108398, 11.43493366241455, 656.4823608398438], "obj_id": 1}, {"cam_R_m2c": [-0.6269584894180298, 0.660777747631073, -0.41266968846321106, 0.7476661205291748, 0.3615087866783142, -0.557051956653595, -0.21890375018119812, -0.6577874422073364, -0.7206922173500061], "cam_t_m2c": [161.3771514892578, 15.371109962463379, 566.593017578125], "obj_id": 2}, {"cam_R_m2c": [-0.0020595036912709475, -0.9108784198760986, -0.4126695990562439, -0.7906308174133301, 0.2541576325893402, -0.5570518970489502, 0.6122897267341614, 0.32512205839157104, -0.720691978931427], "cam_t_m2c": [213.7193145751953, -37.22335433959961, 577.0339965820312], "obj_id": 3}, {"cam_R_m2c": [0.8845639824867249, 0.21737158298492432, -0.4126695692539215, -0.05626603588461876, -0.8285695314407349, -0.5570518970489502, -0.4630126357078552, 0.5159673094749451, -0.7206921577453613], "cam_t_m2c": [-176.46774291992188, 226.02072143554688, 594.3651123046875], "obj_id": 4}, {"cam_R_m2c": [-0.49887707829475403, -0.7621191143989563, -0.4126696288585663, -0.5237678289413452, 0.6444846391677856, -0.5570518374443054, 0.6904991269111633, -0.061757296323776245, -0.7206921577453613], "cam_t_m2c": [-109.30042266845703, 218.36886596679688, 562.7999267578125], "obj_id": 5}, {"cam_R_m2c": [0.21322497725486755, -0.885572612285614, -0.4126695990562439, -0.8282967209815979, 0.06014738231897354, -0.5570518970489502, 0.518130898475647, 0.4605902433395386, -0.720691978931427], "cam_t_m2c": [194.675537109375, 38.11650085449219, 530.6145629882812], "obj_id": 6}],
  "17": [{"cam_R_m2c": [-0.7972394227981567, 0.5993010401725769, 0.07244167476892471, 0.5436856150627136, 0.764988124370575, -0.3452523648738861, -0.2623271048069, -0.23586326837539673, -0.9357100129127502], "cam_t_m2c": [-1.483198881149292, 8.356672286987305, 1067.0042724609375], "obj_id": 1}, {"cam_R_m2c": [-0.9332718253135681, -0.35179057717323303, 0.0724416971206665, -0.35437536239624023, 0.8690333366394043, -0.3452523946762085, 0.05850226804614067, -0.34788575768470764, -0.9357102513313293], "cam_t_m2c": [9.634377479553223, 173.87171936035156, 1006.8494262695312], "obj_id": 2}, {"cam_R_m2c": [0.9182797074317932, -0.38924872875213623, 0.0724417045712471, -0.34305739402770996, -0.8735634684562683, -0.3452523946762085, 0.19767142832279205, 0.2921866476535797, -0.9357103109359741], "cam_t_m2c": [76.04325103759766, 207.75144958496094, 999.304931640625], "obj_id": 3}, {"cam_R_m2c": [0.15663869678974152, 0.9849956631660461, 0.07244165986776352, 0.9304707646369934, -0.12257616221904755, -0.3452523648738861, -0.3311924636363983, 0.12148471176624298, -0.9357098340988159], "cam_t_m2c": [-271.038330078125, -99.26018524169922, 1083.696533203125], "obj_id": 4}, {"cam_R_m2c": [0.556995689868927, -0.8273501396179199, 0.0724416971206665, -0.7642394304275513, -0.5447380542755127, -0.3452523946762085, 0.32510626316070557, 0.1369413435459137, -0.9357103705406189], "cam_t_m2c": [-254.8424072265625, -30.304363250732422, 1060.2626953125], "obj_id": 5}, {"cam_R_m2c": [0.9842510223388672, -0.1612517535686493, 0.0724416971206665, -0.126934215426445, -0.9298863410949707, -0.3452523648738861, 0.12303508818149567, 0.3306196630001068, -0.9357099533081055], "cam_t_m2c": [-13.096952438354492, 219.45257568359375, 988.7866821289062], "obj_id": 6}],
  "18": [{"cam_R_m2c": [-0.07522044330835342, 0.985884428024292, 0.14957906305789948, 0.9804440140724182, 0.1004786416888237, -0.16921468079090118, -0.18185561895370483, 0.13392549753189087, -0.9741625189781189], "cam_t_m2c": [-1.9843937158584595, 4.403833389282227, 641.7908935546875], "obj_id": 1}, {"cam_R_m2c": [-0.872605562210083, 0.46495768427848816, 0.14957906305789948, 0.440718412399292, 0.8815518617630005, -0.1692146509885788, -0.21053935587406158, -0.08173540234565735, -0.9741625189781189], "cam_t_m2c": [136.10520935058594, 114.23994445800781, 643.968017578125], "obj_id": 2}, {"cam_R_m2c": [0.3108602464199066, -0.9386117458343506, 0.14957906305789948, -0.9272381067276001, -0.33405986428260803, -0.16921469569206238, 0.20879524946212769, -0.08609327673912048, -0.9741625189781189], "cam_t_m2c": [205.12234497070312, 89.08426666259766, 658.75732421875], "obj_id": 3}, {"cam_R_m2c": [0.8361191153526306, 0.5277603268623352, 0.14957909286022186, 0.5475378632545471, -0.8194933533668518, -0.16921471059322357, 0.033274222165346146, 0.2233838587999344, -0.9741628170013428], "cam_t_m2c": [-257.4276428222656, 128.20321655273438, 579.0020141601562], "obj_id": 4}, {"cam_R_m2c": [-0.2518119812011719, -0.9561471343040466, 0.14957909286022186, -0.9592790603637695, 0.2261645346879959, -0.16921472549438477, 0.12796463072299957, -0.18609832227230072, -0.9741628766059875], "cam_t_m2c": [-192.8203582763672, 165.2783966064453, 583.2075805664062], "obj_id": 5}, {"cam_R_m2c": [0.5238370895385742, -0.8385826945304871, 0.14957907795906067, -0.8220494389533997, -0.5436926484107971, -0.16921469569206238, 0.22322548925876617, -0.03432042524218559, -0.9741628170013428], "cam_t_m2c": [157.59561157226562, 163.59495544433594, 639.189697265625], "obj_id": 6}],
  "19": [{"cam_R_m2c": [-0.31897011399269104, 0.9189510941505432, 0.2319215089082718, 0.5422914624214172, 0.3776475191116333, -0.7505348920822144, -0.7772892713546753, -0.11362893879413605, -0.6187976598739624], "cam_t_m2c": [-3.945178270339966, 16.150474548339844, 626.7046508789062], "obj_id": 1}, {"cam_R_m2c": [-0.9467559456825256, 0.22330613434314728, 0.23192140460014343, -0.028128918260335922, 0.6602320075035095, -0.7505347728729248, -0.32072097063064575, -0.7170969843864441, -0.6187971830368042], "cam_t_m2c": [100.64910888671875, 124.43087005615234, 534.6566162109375], "obj_id": 2}, {"cam_R_m2c": [0.5312600135803223, -0.8148468732833862, 0.2319214940071106, -0.4351572096347809, -0.4973291754722595, -0.7505348920822144, 0.7269120812416077, 0.297806978225708, -0.6187977194786072], "cam_t_m2c": [173.0955047607422, 132.14190673828125, 552.1766967773438], "obj_id": 3}, {"cam_R_m2c": [0.6629173159599304, 0.7118658423423767, 0.23192143440246582, 0.5874910950660706, -0.30257508158683777, -0.7505347728729248, -0.4641064405441284, 0.6337943077087402, -0.6187971234321594], "cam_t_m2c": [-279.6890869140625, 3.493344306945801, 535.4627075195312], "obj_id": 4}, {"cam_R_m2c": [0.00041582624544389546, -0.9727344512939453, 0.2319214642047882, -0.6360654234886169, -0.17921610176563263, -0.7505347728729248, 0.7716350555419922, -0.14720509946346283, -0.6187973022460938], "cam_t_m2c": [-227.1796875, 46.35983657836914, 504.29248046875], "obj_id": 5}, {"cam_R_m2c": [0.7087522745132446, -0.6662452220916748, 0.23192141950130463, -0.30532434582710266, -0.5860671401023865, -0.75053471326828, 0.635961651802063, 0.4611319601535797, -0.6187973022460938], "cam_t_m2c": [108.77981567382812, 160.26113891601562, 495.0249328613281], "obj_id": 6}]
}