0: 
- cam_R_m2c: [-0.9619982838630676, -0.13565145432949066, 0.23697632551193237, -0.2520377039909363, 0.7750235795974731, -0.5794958472251892, -0.10505278408527374, -0.617201030254364, -0.7797605991363525]
  cam_t_m2c: [367.1775207519531, 66.16854858398438, 814.7930908203125]
  obj_bb: [576, 273, 24, 21]
  obj_id: 3
1: 
- cam_R_m2c: [0.12521468102931976, -0.9921247363090515, -0.003134322352707386, -0.8495141267776489, -0.10558304935693741, -0.5168926119804382, 0.5124910473823547, 0.06738520413637161, -0.8560445308685303]
  cam_t_m2c: [5.202057361602783, 338.1575012207031, 804.9337768554688]
  obj_bb: [321, 474, 14, 16]
  obj_id: 3
2: 
- cam_R_m2c: [0.269388884305954, 0.95930016040802, 0.08469457179307938, 0.959412693977356, -0.25971999764442444, -0.10987897217273712, -0.08341004699468613, 0.11085722595453262, -0.9903304576873779]
  cam_t_m2c: [-154.73390197753906, -347.79541015625, 926.572021484375]
  obj_bb: [223, 13, 12, 19]
  obj_id: 3
3: 
- cam_R_m2c: [-0.2314831018447876, -0.9707537889480591, -0.0636642575263977, -0.9571293592453003, 0.2389695644378662, -0.16369874775409698, 0.17412498593330383, 0.023041466251015663, -0.9844543933868408]
  cam_t_m2c: [140.5433349609375, 353.5555725097656, 760.1497192382812]
  obj_bb: [-1, -1, -1, -1]
  obj_id: 3
4: 
- cam_R_m2c: [0.9197911024093628, 0.3601417541503906, -0.15582777559757233, -0.10234033316373825, -0.1632063239812851, -0.9812698364257812, -0.378828227519989, 0.9185107350349426, -0.1132587194442749]
  cam_t_m2c: [-364.71844482421875, 67.28080749511719, 1071.0211181640625]
  obj_bb: [-1, -1, -1, -1]
  obj_id: 3
5: 
- cam_R_m2c: [-0.7585934996604919, -0.6499390602111816, -0.04599149525165558, -0.11223527789115906, 0.1998768448829651, -0.9733717441558838, 0.6418249011039734, -0.7332315444946289, -0.2245713770389557]
  cam_t_m2c: [323.041259765625, 51.6170654296875, 963.6470947265625]
  obj_bb: [510, 252, 13, 22]
  obj_id: 3
6: 
- cam_R_m2c: [0.724895715713501, 0.6824571490287781, 0.09369375556707382, 0.6854698061943054, -0.7011517882347107, -0.19625996053218842, -0.06824547797441483, 0.20649224519729614, -0.9760656952857971]
  cam_t_m2c: [-312.9519348144531, -218.76593017578125, 838.5040893554688]
  obj_bb: [101, 78, 17, 20]
  obj_id: 3
7: 
- cam_R_m2c: [0.3564458191394806, 0.8220236301422119, 0.444098562002182, 0.8447049260139465, -0.08040265738964081, -0.5291586518287659, -0.39927420020103455, 0.5637486577033997, -0.7230265736579895]
  cam_t_m2c: [-187.72268676757812, -305.34228515625, 1048.9798583984375]
  obj_bb: [218, 59, 13, 19]
  obj_id: 3
8: 
- cam_R_m2c: [-0.8269627094268799, 0.5622550845146179, -0.001356787164695561, 0.5441888570785522, 0.7997794151306152, -0.25339964032173157, -0.1413901150226593, -0.21029040217399597, -0.9673606753349304]
  cam_t_m2c: [283.77496337890625, -243.64332580566406, 897.7366943359375]
  obj_bb: [499, 72, 17, 20]
  obj_id: 3
9: 
- cam_R_m2c: [-0.38036084175109863, 0.9152963757514954, 0.1325095146894455, 0.847482442855835, 0.4023130238056183, -0.34629184007644653, -0.37026992440223694, -0.019416285678744316, -0.9287217259407043]
  cam_t_m2c: [93.00536346435547, -335.6898193359375, 811.9495239257812]
  obj_bb: [384, -16, 16, 26]
  obj_id: 3
10: 
- cam_R_m2c: [0.1640370786190033, -0.9146084785461426, 0.3695719242095947, -0.15553197264671326, -0.39394065737724304, -0.9058813452720642, 0.9741159677505493, 0.09111800789833069, -0.2068718820810318]
  cam_t_m2c: [196.90626525878906, 108.84882354736328, 1186.1488037109375]
  obj_bb: [416, 279, 12, 17]
  obj_id: 3
11: 
- cam_R_m2c: [-0.9788672924041748, -0.18148410320281982, 0.09424614161252975, -0.20313692092895508, 0.8098827004432678, -0.5502957105636597, 0.02354160137474537, -0.5578113198280334, -0.8296338319778442]
  cam_t_m2c: [49.940391540527344, -169.20883178710938, 946.0795288085938]
  obj_bb: [349, 122, 12, 21]
  obj_id: 3
12: 
- cam_R_m2c: [0.27922916412353516, -0.9564079642295837, -0.08552926033735275, -0.906043529510498, -0.2329295426607132, -0.353312224149704, 0.3179882764816284, 0.17614834010601044, -0.9315879344940186]
  cam_t_m2c: [214.2362823486328, 69.7656478881836, 940.697998046875]
  obj_bb: [449, 275, 12, 15]
  obj_id: 3
13: 
- cam_R_m2c: [0.6252076625823975, -0.49747395515441895, 0.6013610363006592, 0.3835797607898712, -0.47517749667167664, -0.7918794751167297, 0.6796925663948059, 0.7257590293884277, -0.10626372694969177]
  cam_t_m2c: [93.03172302246094, 118.84330749511719, 1154.6920166015625]
  obj_bb: [-1, -1, -1, -1]
  obj_id: 3
14: 
- cam_R_m2c: [0.24905185401439667, -0.9684618711471558, -0.007404241245239973, -0.8677451014518738, -0.21974313259124756, -0.44579315185546875, 0.43010663986206055, 0.11745062470436096, -0.8951054811477661]
  cam_t_m2c: [215.7128448486328, 68.23313903808594, 963.318115234375]
  obj_bb: [447, 272, 13, 15]
  obj_id: 3
15: 
- cam_R_m2c: [-0.742883026599884, -0.6694141626358032, 0.0030546383932232857, -0.6463337540626526, 0.7160666584968567, -0.2636306583881378, 0.17429077625274658, -0.19782108068466187, -0.9646187424659729]
  cam_t_m2c: [159.15370178222656, -148.90003967285156, 1045.6072998046875]
  obj_bb: [406, 150, 12, 15]
  obj_id: 3
16: 
- cam_R_m2c: [-0.0020595036912709475, -0.9108784198760986, -0.4126695990562439, -0.7906308174133301, 0.2541576325893402, -0.5570518970489502, 0.6122897267341614, 0.32512205839157104, -0.720691978931427]
  cam_t_m2c: [213.7193145751953, -37.22335433959961, 577.0339965820312]
  obj_bb: [526, 180, 21, 32]
  obj_id: 3
17: 
- cam_R_m2c: [0.9182797074317932, -0.38924872875213623, 0.0724417045712471, -0.34305739402770996, -0.8735634684562683, -0.3452523946762085, 0.19767142832279205, 0.2921866476535797, -0.9357103109359741]
  cam_t_m2c: [76.04325103759766, 207.75144958496094, 999.304931640625]
  obj_bb: [363, 355, 11, 11]
  obj_id: 3
18: 
- cam_R_m2c: [0.3108602464199066, -0.9386117458343506, 0.14957906305789948, -0.9272381067276001, -0.33405986428260803, -0.16921469569206238, 0.20879524946212769, -0.08609327673912048, -0.9741625189781189]
  cam_t_m2c: [205.12234497070312, 89.08426666259766, 658.75732421875]
  obj_bb: [495, 310, 26, 18]
  obj_id: 3
19: 
- cam_R_m2c: [0.5312600135803223, -0.8148468732833862, 0.2319214940071106, -0.4351572096347809, -0.4973291754722595, -0.7505348920822144, 0.7269120812416077, 0.297806978225708, -0.6187977194786072]
  cam_t_m2c: [173.0955047607422, 132.14190673828125, 552.1766967773438]
  obj_bb: [495, 353, 30, 34]
  obj_id: 3
