0: 
- cam_R_m2c: [-0.32069844007492065, 0.9170579314231873, 0.23697638511657715, 0.7109718322753906, 0.3983762860298157, -0.5794960260391235, -0.6258370876312256, -0.01735980622470379, -0.779761016368866]
  cam_t_m2c: [451.814453125, 263.65631103515625, 691.3274536132812]
  obj_bb: [-1, -1, -1, -1]
  obj_id: 4
1: 
- cam_R_m2c: [-0.9486415982246399, -0.3163387179374695, -0.0031342674046754837, -0.2692657709121704, 0.8125994801521301, -0.5168927311897278, 0.16606006026268005, -0.4895017743110657, -0.8560448884963989]
  cam_t_m2c: [-225.67193603515625, 414.62152099609375, 757.404296875]
  obj_bb: [-1, -1, -1, -1]
  obj_id: 4
2: 
- cam_R_m2c: [0.9934204816818237, -0.07708798348903656, 0.08469455689191818, -0.06758240610361099, -0.991645097732544, -0.10987897962331772, 0.09245725721120834, 0.10343217104673386, -0.9903303384780884]
  cam_t_m2c: [22.493602752685547, -517.9905395507812, 958.70654296875]
  obj_bb: [-1, -1, -1, -1]
  obj_id: 4
3: 
- cam_R_m2c: [-0.997260332107544, 0.037675533443689346, -0.06366424262523651, 0.047676265239715576, 0.9853576421737671, -0.16369876265525818, 0.056564610451459885, -0.16628548502922058, -0.984454333782196]
  cam_t_m2c: [-43.62031936645508, 518.4454956054688, 742.7238159179688]
  obj_bb: [-1, -1, -1, -1]
  obj_id: 4
4: 
- cam_R_m2c: [0.5326428413391113, -0.8318710327148438, -0.15582777559757233, -0.18003404140472412, 0.06853844225406647, -0.9812697768211365, 0.8269700407981873, 0.5507206916809082, -0.11325862258672714]
  cam_t_m2c: [-395.3228759765625, 41.9849739074707, 1315.626953125]
  obj_bb: [143, 228, 16, 34]
  obj_id: 4
5: 
- cam_R_m2c: [-0.7854291796684265, 0.6172404289245605, -0.045991625636816025, 0.1741441786289215, 0.14906828105449677, -0.973371684551239, -0.593948483467102, -0.7725237011909485, -0.22457140684127808]
  cam_t_m2c: [271.0953063964844, 106.5781021118164, 727.6608276367188]
  obj_bb: [526, 269, 24, 61]
  obj_id: 4
6: 
- cam_R_m2c: [0.8107492923736572, -0.5778469443321228, 0.09369372576475143, -0.5539711117744446, -0.8090724349021912, -0.19625993072986603, 0.18921320140361786, 0.10721398144960403, -0.9760653972625732]
  cam_t_m2c: [-249.8502655029297, -452.8721923828125, 889.7000122070312]
  obj_bb: [-1, -1, -1, -1]
  obj_id: 4
7: 
- cam_R_m2c: [0.8757629990577698, -0.18925021588802338, 0.4440985321998596, 0.0859144851565361, -0.8441621661186218, -0.5291587114334106, 0.47503456473350525, 0.5015721321105957, -0.723026692867279]
  cam_t_m2c: [-50.00510025024414, -423.7159118652344, 1217.59228515625]
  obj_bb: [295, 13, 22, 34]
  obj_id: 4
8: 
- cam_R_m2c: [0.39014264941215515, 0.9207534193992615, -0.001356832217425108, 0.890568196773529, -0.37772586941719055, -0.2533995807170868, -0.23383106291294098, 0.09765362739562988, -0.9673606753349304]
  cam_t_m2c: [503.9874267578125, -134.2823028564453, 866.8297729492188]
  obj_bb: [-1, -1, -1, -1]
  obj_id: 4
9: 
- cam_R_m2c: [0.8235183358192444, 0.5515966415405273, 0.1325095295906067, 0.5598994493484497, -0.7527251243591309, -0.34629181027412415, -0.09127014130353928, 0.3593696653842926, -0.9287216067314148]
  cam_t_m2c: [337.55633544921875, -348.9208679199219, 849.7432861328125]
  obj_bb: [543, -35, 39, 49]
  obj_id: 4
10: 
- cam_R_m2c: [0.8481822609901428, 0.379477858543396, 0.3695719242095947, 0.41980278491973877, -0.05607990548014641, -0.9058812856674194, -0.3230363130569458, 0.9234997630119324, -0.20687183737754822]
  cam_t_m2c: [-226.07406616210938, -30.853660583496094, 1033.1307373046875]
  obj_bb: [192, 186, 23, 42]
  obj_id: 4
11: 
- cam_R_m2c: [0.4118867814540863, -0.9063482284545898, 0.09424617141485214, -0.737122654914856, -0.3922053873538971, -0.550295889377594, 0.5357234477996826, 0.15718869864940643, -0.8296340703964233]
  cam_t_m2c: [165.008056640625, 216.30419921875, 701.1656494140625]
  obj_bb: [448, 395, 34, 35]
  obj_id: 4
12: 
- cam_R_m2c: [0.8610092401504517, 0.5013460516929626, -0.08552923053503036, 0.444279283285141, -0.8232777714729309, -0.3533121347427368, -0.2475459724664688, 0.26620614528656006, -0.9315874576568604]
  cam_t_m2c: [-250.15103149414062, 147.6470947265625, 951.7703857421875]
  obj_bb: [156, 316, 27, 23]
  obj_id: 4
13: 
- cam_R_m2c: [0.3322601318359375, 0.7266141772270203, 0.6013609766960144, 0.3688121736049652, 0.4867284595966339, -0.791879415512085, -0.8680903315544128, 0.4848991930484772, -0.10626369714736938]
  cam_t_m2c: [-241.71566772460938, -161.46018981933594, 1331.377685546875]
  obj_bb: [-1, -1, -1, -1]
  obj_id: 4
14: 
- cam_R_m2c: [0.879976212978363, 0.4749600291252136, -0.007404198870062828, 0.4222578704357147, -0.7892824411392212, -0.44579312205314636, -0.21757791936397552, 0.3891608715057373, -0.8951053619384766]
  cam_t_m2c: [-247.7493133544922, 144.04925537109375, 927.2843017578125]
  obj_bb: [156, 312, 25, 27]
  obj_id: 4
15: 
- cam_R_m2c: [0.8286224603652954, -0.5597995519638062, 0.003054662374779582, -0.5393309593200684, -0.7997633814811707, -0.2636306881904602, 0.15002334117889404, 0.21680285036563873, -0.9646191596984863]
  cam_t_m2c: [18.81674575805664, 284.1880187988281, 924.8433227539062]
  obj_bb: [328, 409, 17, 18]
  obj_id: 4
16: 
- cam_R_m2c: [0.8845639824867249, 0.21737158298492432, -0.4126695692539215, -0.05626603588461876, -0.8285695314407349, -0.5570518970489502, -0.4630126357078552, 0.5159673094749451, -0.7206921577453613]
  cam_t_m2c: [-176.46774291992188, 226.02072143554688, 594.3651123046875]
  obj_bb: [104, 432, 63, 42]
  obj_id: 4
17: 
- cam_R_m2c: [0.15663869678974152, 0.9849956631660461, 0.07244165986776352, 0.9304707646369934, -0.12257616221904755, -0.3452523648738861, -0.3311924636363983, 0.12148471176624298, -0.9357098340988159]
  cam_t_m2c: [-271.038330078125, -99.26018524169922, 1083.696533203125]
  obj_bb: [172, 169, 17, 27]
  obj_id: 4
18: 
- cam_R_m2c: [0.8361191153526306, 0.5277603268623352, 0.14957909286022186, 0.5475378632545471, -0.8194933533668518, -0.16921471059322357, 0.033274222165346146, 0.2233838587999344, -0.9741628170013428]
  cam_t_m2c: [-257.4276428222656, 128.20321655273438, 579.0020141601562]
  obj_bb: [40, 354, 46, 29]
  obj_id: 4
19: 
- cam_R_m2c: [0.6629173159599304, 0.7118658423423767, 0.23192143440246582, 0.5874910950660706, -0.30257508158683777, -0.7505347728729248, -0.4641064405441284, 0.6337943077087402, -0.6187971234321594]
  cam_t_m2c: [-279.6890869140625, 3.493344306945801, 535.4627075195312]
  obj_bb: [8, 178, 35, 78]
  obj_id: 4
