{
  "0": [{"cam_R_m2c": [-0.7929857969284058, -0.3577500581741333, 0.4931412935256958, -0.6085972785949707, 0.5023282170295715, -0.6142277717590332, -0.02797875367105007, -0.7871983647346497, -0.6160647869110107], "cam_t_m2c": [-3.4333317279815674, -182.26275634765625, 1298.20703125], "obj_id": 1}, {"cam_R_m2c": [0.8683624267578125, 0.05252043157815933, 0.4931412935256958, 0.39030036330223083, -0.6858498454093933, -0.6142277121543884, 0.30596134066581726, 0.7258455157279968, -0.6160649657249451], "cam_t_m2c": [-15.595477104187012, 20.583105087280273, 1086.314208984375], "obj_id": 2}, {"cam_R_m2c": [0.628483772277832, -0.6015145778656006, 0.4931413233280182, -0.23810891807079315, -0.7523486614227295, -0.6142277121543884, 0.7404810786247253, 0.2686108350753784, -0.6160649061203003], "cam_t_m2c": [169.1923828125, 270.2176818847656, 985.0602416992188], "obj_id": 3}, {"cam_R_m2c": [0.8600185513496399, -0.13107123970985413, 0.49314141273498535, 0.23751245439052582, -0.7525375485420227, -0.614227831363678, 0.4516148269176483, 0.6453745365142822, -0.616065263748169], "cam_t_m2c": [73.88983154296875, 117.8274154663086, 1057.6456298828125], "obj_id": 4}, {"cam_R_m2c": [0.7814764976501465, -0.38223832845687866, 0.4931413233280182, 0.0016205854481086135, -0.7891271114349365, -0.6142277121543884, 0.6239326000213623, 0.4808036983013153, -0.6160647869110107], "cam_t_m2c": [-247.11456298828125, -35.715126037597656, 954.9231567382812], "obj_id": 5}, {"cam_R_m2c": [-0.6402059197425842, -0.5890228748321533, 0.4931413531303406, -0.7357119917869568, 0.28539830446243286, -0.6142277121543884, 0.22105246782302856, -0.7560422420501709, -0.6160648465156555], "cam_t_m2c": [203.06008911132812, -45.1267204284668, 1327.63818359375], "obj_id": 6}],
  "1": [{"cam_R_m2c": [-0.10473249107599258, -0.9581197500228882, 0.2665294110774994, -0.8078474402427673, -0.07434146851301193, -0.5846846699714661, 0.5800120234489441, -0.2765504717826843, -0.7662286758422852], "cam_t_m2c": [243.0709991455078, -46.07427215576172, 532.9664916992188], "obj_id": 1}, {"cam_R_m2c": [0.43845662474632263, 0.8583228588104248, 0.266529381275177, 0.7815157771110535, -0.21766340732574463, -0.5846846699714661, -0.44383445382118225, 0.4646558165550232, -0.7662287950515747], "cam_t_m2c": [-7.256851673126221, 20.806499481201172, 394.923583984375], "obj_id": 2}, {"cam_R_m2c": [0.9277056455612183, 0.2613890767097473, 0.26652950048446655, 0.37122443318367004, -0.7213438153266907, -0.5846847891807556, 0.03942912071943283, 0.6413576006889343, -0.7662287354469299], "cam_t_m2c": [-109.42523193359375, 249.19442749023438, 184.88328552246094], "obj_id": 3}, {"cam_R_m2c": [0.6089833378791809, 0.7470618486404419, 0.2665294110774994, 0.7183515429496765, -0.3769815266132355, -0.5846845507621765, -0.33631885051727295, 0.5475249886512756, -0.7662284970283508], "cam_t_m2c": [-30.914264678955078, 121.16039276123047, 307.4285583496094], "obj_id": 4}, {"cam_R_m2c": [0.8045077323913574, 0.5307818651199341, 0.266529381275177, 0.5727587342262268, -0.5745358467102051, -0.5846844911575317, -0.15720926225185394, 0.6230402588844299, -0.7662284970283508], "cam_t_m2c": [-181.4579620361328, -170.69200134277344, 478.6881408691406], "obj_id": 5}, {"cam_R_m2c": [0.20195749402046204, -0.9424305558204651, 0.2665294408798218, -0.7434585690498352, -0.3246740996837616, -0.5846846699714661, 0.6375598311424255, -0.08007211238145828, -0.766228437423706], "cam_t_m2c": [295.88037109375, 156.7015838623047, 397.3009033203125], "obj_id": 6}],
  "2": [{"cam_R_m2c": [0.8259071111679077, -0.56367427110672, -0.012197655625641346, -0.41767099499702454, -0.5971613526344299, -0.6847987174987793, 0.3787194490432739, 0.5706747174263, -0.7286301851272583], "cam_t_m2c": [168.2331085205078, -188.9368438720703, 735.21533203125], "obj_id": 1}, {"cam_R_m2c": [-0.8040525913238525, 0.5944330096244812, -0.012197653762996197, 0.43990352749824524, 0.5809782147407532, -0.6847986578941345, -0.3999803960323334, -0.5559799671173096, -0.7286301851272583], "cam_t_m2c": [0.15884849429130554, 24.9254093170166, 537.1025390625], "obj_id": 2}, {"cam_R_m2c": [0.3990281820297241, 0.9168575406074524, -0.012197700329124928, 0.6648159027099609, -0.2984468340873718, -0.6847987174987793, -0.6315032243728638, 0.2651447355747223, -0.7286301851272583], "cam_t_m2c": [-108.95164489746094, 145.3756561279297, 425.4870910644531], "obj_id": 3}, {"cam_R_m2c": [0.5823162794113159, 0.8128709197044373, -0.01219768263399601, 0.5875056385993958, -0.43114760518074036, -0.6847988367080688, -0.561911940574646, 0.39160335063934326, -0.728630542755127], "cam_t_m2c": [0.7056552171707153, -186.58091735839844, 733.0485229492188], "obj_id": 4}, {"cam_R_m2c": [0.6415949463844299, 0.7669466733932495, -0.012197736650705338, 0.5535436868667603, -0.47396236658096313, -0.6847986578941345, -0.5309852957725525, 0.4326113760471344, -0.7286303043365479], "cam_t_m2c": [354.41070556640625, 128.16094970703125, 432.2889099121094], "obj_id": 5}, {"cam_R_m2c": [0.2909298241138458, -0.9566667079925537, -0.012197630479931831, -0.6995904445648193, -0.20401978492736816, -0.6847987771034241, 0.6526355743408203, 0.2077617645263672, -0.7286303639411926], "cam_t_m2c": [-78.14470672607422, 197.83505249023438, 376.56707763671875], "obj_id": 6}],
  "3": [{"cam_R_m2c": [0.33531662821769714, -0.8947041630744934, 0.29507189989089966, -0.180621936917305, -0.3684476315975189, -0.911933422088623, 0.9246289730072021, 0.2524900734424591, -0.2851499319076538], "cam_t_m2c": [-38.18345260620117, -76.5704345703125, 607.7435913085938], "obj_id": 1}, {"cam_R_m2c": [-0.30132243037223816, 0.9067181348800659, 0.29507187008857727, 0.19439423084259033, 0.36137035489082336, -0.911933422088623, -0.9334967136383057, -0.21742555499076843, -0.28514987230300903], "cam_t_m2c": [-9.202780723571777, 32.03915023803711, 290.5704040527344], "obj_id": 2}, {"cam_R_m2c": [0.8160772323608398, 0.4969411790370941, 0.29507189989089966, 0.3957548439502716, -0.10842456668615341, -0.9119332432746887, -0.42118412256240845, 0.8609840869903564, -0.2851496934890747], "cam_t_m2c": [-4.095414638519287, 92.18984985351562, 102.8813705444336], "obj_id": 3}, {"cam_R_m2c": [0.9021003842353821, 0.3148769736289978, 0.29507192969322205, 0.3642432689666748, -0.18895666301250458, -0.9119332432746887, -0.23139098286628723, 0.9301332831382751, -0.2851496934890747], "cam_t_m2c": [-166.71359252929688, -86.90412139892578, 500.7439270019531], "obj_id": 4}, {"cam_R_m2c": [0.9231603741645813, 0.24638882279396057, 0.29507189989089966, 0.34905874729156494, -0.21572129428386688, -0.9119332432746887, -0.16103684902191162, 0.9448580741882324, -0.2851495146751404], "cam_t_m2c": [348.86474609375, 111.24156951904297, 403.0538024902344], "obj_id": 5}, {"cam_R_m2c": [-0.29885464906692505, -0.9075342416763306, 0.2950718402862549, -0.371550589799881, -0.17414896190166473, -0.9119332432746887, 0.8789971470832825, -0.382169634103775, -0.28514963388442993], "cam_t_m2c": [59.226051330566406, 123.72216033935547, 69.86121368408203], "obj_id": 6}],
  "4": [{"cam_R_m2c": [-0.5276025533676147, -0.8466119766235352, 0.06988326460123062, -0.7949994206428528, 0.46309587359428406, -0.39181390404701233, 0.29935169219970703, -0.2622791826725006, -0.9173865914344788], "cam_t_m2c": [-2.840087413787842, 7.797418594360352, 477.9806823730469], "obj_id": 1}, {"cam_R_m2c": [0.8891713619232178, -0.4522063434123993, 0.06988326460123062, -0.392417848110199, -0.8321598768234253, -0.3918139338493347, 0.23533479869365692, 0.32096630334854126, -0.9173865914344788], "cam_t_m2c": [-219.11376953125, 23.40830421447754, 454.8944396972656], "obj_id": 2}, {"cam_R_m2c": [0.5953159332275391, 0.8004470467567444, 0.0698833018541336, 0.7543036341667175, -0.5267907977104187, -0.39181408286094666, -0.27681246399879456, 0.2859664261341095, -0.917387068271637], "cam_t_m2c": [153.5299530029297, -238.9244842529297, 595.13427734375], "obj_id": 3}, {"cam_R_m2c": [-0.08145442605018616, -0.9942241311073303, 0.06988325715065002, -0.9188053011894226, 0.047735169529914856, -0.3918139934539795, 0.3862150013446808, -0.0961240753531456, -0.9173866510391235], "cam_t_m2c": [-41.10974884033203, -164.15774536132812, 546.3172607421875], "obj_id": 4}, {"cam_R_m2c": [-0.7051920294761658, 0.7055638432502747, 0.06988326460123062, 0.6310476660728455, 0.669522762298584, -0.39181390404701233, -0.32323816418647766, -0.232204407453537, -0.917386531829834], "cam_t_m2c": [-199.135009765625, 324.2890319824219, 326.4351806640625], "obj_id": 5}, {"cam_R_m2c": [0.792845606803894, 0.6054025292396545, 0.06988328695297241, 0.5799294114112854, -0.7142574191093445, -0.3918139636516571, -0.1872904896736145, 0.35117533802986145, -0.9173865914344788], "cam_t_m2c": [-19.280433654785156, 47.59446334838867, 460.3129577636719], "obj_id": 6}],
  "5": [{"cam_R_m2c": [-0.3400624692440033, -0.931591272354126, 0.12843556702136993, -0.8644804954528809, 0.2559172511100769, -0.4326431155204773, 0.37017759680747986, -0.25815561413764954, -0.8923704028129578], "cam_t_m2c": [-3.9635579586029053, 8.331256866455078, 568.134033203125], "obj_id": 1}, {"cam_R_m2c": [0.9575689435005188, -0.258003830909729, 0.12843555212020874, -0.17999504506587982, -0.8834148049354553, -0.43264302611351013, 0.22508542239665985, 0.3911677598953247, -0.8923700451850891], "cam_t_m2c": [-219.15280151367188, -23.328081130981445, 552.5695190429688], "obj_id": 2}, {"cam_R_m2c": [0.4153839647769928, 0.9005336165428162, 0.12843561172485352, 0.8405563235282898, -0.32601475715637207, -0.4326431453227997, -0.34773772954940796, 0.28767043352127075, -0.8923705220222473], "cam_t_m2c": [203.8736572265625, -191.26373291015625, 694.6795654296875], "obj_id": 3}, {"cam_R_m2c": [0.12418226897716522, -0.9839121699333191, 0.12843555212020874, -0.8857239484786987, -0.16826508939266205, -0.4326431155204773, 0.4472939968109131, -0.06003180891275406, -0.8923701643943787], "cam_t_m2c": [-3.3180651664733887, -162.52972412109375, 648.8132934570312], "obj_id": 4}, {"cam_R_m2c": [-0.8304212689399719, 0.5421304702758789, 0.12843556702136993, 0.44497740268707275, 0.7841014266014099, -0.4326431453227997, -0.33525550365448, -0.3021250367164612, -0.8923704028129578], "cam_t_m2c": [-266.40948486328125, 265.1778869628906, 404.376220703125], "obj_id": 5}, {"cam_R_m2c": [0.647461473941803, 0.7511976361274719, 0.12843556702136993, 0.7181703448295593, -0.5450240969657898, -0.43264302611351013, -0.25499996542930603, 0.3723583221435547, -0.8923699259757996], "cam_t_m2c": [-28.876558303833008, 42.45123291015625, 548.6043701171875], "obj_id": 6}],
  "6": [{"cam_R_m2c": [-0.01952984370291233, -0.9797146320343018, 0.1994444578886032, -0.10290193557739258, -0.19645367562770844, -0.975098729133606, 0.994499921798706, -0.039566583931446075, -0.09697800129652023], "cam_t_m2c": [-5.182897090911865, 19.500980377197266, 542.4541625976562], "obj_id": 1}, {"cam_R_m2c": [-0.6728992462158203, -0.7123404741287231, 0.19944427907466888, -0.20822806656360626, -0.07631384581327438, -0.975098729133606, 0.7098225355148315, -0.6976729035377502, -0.09697792679071426], "cam_t_m2c": [79.99922180175781, 66.34584045410156, 247.15170288085938], "obj_id": 2}, {"cam_R_m2c": [-0.9775885343551636, -0.06739837676286697, 0.19944438338279724, -0.20480218529701233, 0.08508110791444778, -0.9750986099243164, 0.048751115798950195, -0.9940918684005737, -0.09697765111923218], "cam_t_m2c": [179.25857543945312, 91.6116943359375, 195.45864868164062], "obj_id": 3}, {"cam_R_m2c": [-0.14301271736621857, 0.9694170355796814, 0.1994445025920868, 0.06894148886203766, 0.21078389883041382, -0.9750986099243164, -0.9873168468475342, -0.1257014274597168, -0.09697788208723068], "cam_t_m2c": [360.935302734375, 77.74762725830078, 689.034912109375], "obj_id": 4}, {"cam_R_m2c": [0.6675777435302734, -0.717329740524292, 0.19944427907466888, 0.06276069581508636, -0.2127058207988739, -0.9750986099243164, 0.7418901920318604, 0.6634714007377625, -0.09697756171226501], "cam_t_m2c": [-13.3489408493042, 5.19490385055542, 656.077392578125], "obj_id": 5}, {"cam_R_m2c": [-0.8257097005844116, -0.5276603102684021, 0.19944438338279724, -0.22052568197250366, -0.023476704955101013, -0.9750985503196716, 0.5192031264305115, -0.8491309881210327, -0.09697767347097397], "cam_t_m2c": [125.12183380126953, 76.88333129882812, 238.969970703125], "obj_id": 6}],
  "7": [{"cam_R_m2c": [0.241201713681221, -0.7505621910095215, -0.6152059435844421, -0.5706176161766052, 0.4030812382698059, -0.7154867053031921, 0.7849952578544617, 0.5236240029335022, -0.33106014132499695], "cam_t_m2c": [11.857157707214355, 14.501096725463867, 469.8989562988281], "obj_id": 1}, {"cam_R_m2c": [-0.3258242905139923, -0.7178859710693359, -0.6152059435844421, -0.15163543820381165, 0.6819719076156616, -0.7154865860939026, 0.9331909418106079, -0.13983584940433502, -0.3310599625110626], "cam_t_m2c": [0.2643481194972992, 153.17710876464844, 191.89076232910156], "obj_id": 2}, {"cam_R_m2c": [-0.7262245416641235, -0.3067891001701355, -0.6152058839797974, 0.35090938210487366, 0.6041039824485779, -0.7154865264892578, 0.5911518335342407, -0.7354854345321655, -0.3310599625110626], "cam_t_m2c": [61.8426628112793, 144.60340881347656, 95.4669189453125], "obj_id": 3}, {"cam_R_m2c": [-0.36218777298927307, 0.7002443075180054, -0.6152059435844421, 0.6294994354248047, -0.30300119519233704, -0.7154866456985474, -0.6874234080314636, -0.6464121341705322, -0.3310602307319641], "cam_t_m2c": [324.7736511230469, -214.1495361328125, 376.5003967285156], "obj_id": 4}, {"cam_R_m2c": [0.6954389810562134, -0.37133046984672546, -0.6152059435844421, -0.690313994884491, -0.10745067894458771, -0.7154866456985474, 0.19957774877548218, 0.9222626090049744, -0.3310600221157074], "cam_t_m2c": [33.964988708496094, -49.294891357421875, 562.7584838867188], "obj_id": 5}, {"cam_R_m2c": [-0.4903656244277954, -0.6173036098480225, -0.6152060031890869, 0.01847147010266781, 0.6983821392059326, -0.7154867649078369, 0.8713213801383972, -0.3622136414051056, -0.3310602009296417], "cam_t_m2c": [32.61540222167969, 140.7635955810547, 160.0576934814453], "obj_id": 6}],
  "8": [{"cam_R_m2c": [0.38417989015579224, -0.9231895804405212, -0.011257071979343891, -0.561978816986084, -0.2241554707288742, -0.7961996793746948, 0.7325199842453003, 0.3122101128101349, -0.6049290299415588], "cam_t_m2c": [-0.48681801557540894, 15.435729026794434, 454.2785339355469], "obj_id": 1}, {"cam_R_m2c": [0.8975868821144104, 0.4406938850879669, -0.011257101781666279, 0.2585763931274414, -0.5469960570335388, -0.7961998581886292, -0.3570379316806793, 0.7117477059364319, -0.604929506778717], "cam_t_m2c": [159.4033203125, -35.51585388183594, 518.4500732421875], "obj_id": 2}, {"cam_R_m2c": [0.6217323541641235, 0.7831488847732544, -0.01125705149024725, 0.46823638677597046, -0.38317179679870605, -0.7961997389793396, -0.6278563141822815, 0.4897521436214447, -0.6049290895462036], "cam_t_m2c": [125.15155792236328, -34.57668685913086, 517.565185546875], "obj_id": 3}, {"cam_R_m2c": [0.6892521977424622, 0.7244340181350708, -0.011257058940827847, 0.4321083426475525, -0.42349541187286377, -0.7961997389793396, -0.5815615057945251, 0.5439181327819824, -0.6049291491508484], "cam_t_m2c": [-209.77053833007812, 111.29205322265625, 328.6873474121094], "obj_id": 4}, {"cam_R_m2c": [0.035024553537368774, -0.9993230700492859, -0.011257067322731018, -0.6049101948738098, -0.012232119217514992, -0.7961997389793396, 0.7955230474472046, 0.034696053713560104, -0.6049291491508484], "cam_t_m2c": [-63.3729248046875, 122.95047760009766, 311.78656005859375], "obj_id": 5}, {"cam_R_m2c": [-0.763242244720459, 0.6460149884223938, -0.01125707570463419, 0.3976845145225525, 0.4559747576713562, -0.7961999177932739, -0.509223997592926, -0.6121698617935181, -0.604929506778717], "cam_t_m2c": [-91.14556121826172, 184.5605010986328, 234.2482452392578], "obj_id": 6}],
  "9": [{"cam_R_m2c": [-0.0965162068605423, 0.9950873255729675, 0.022049520164728165, 0.5889881253242493, 0.07495725899934769, -0.804658055305481, -0.8023576736450195, -0.06467552483081818, -0.5933292508125305], "cam_t_m2c": [0.5986316800117493, 16.94675636291504, 926.6721801757812], "obj_id": 1}, {"cam_R_m2c": [-0.9871864914894104, -0.1580425649881363, 0.02204950340092182, -0.11134034395217896, 0.5832056403160095, -0.8046581149101257, 0.11431081593036652, -0.796802282333374, -0.5933293700218201], "cam_t_m2c": [-128.2138671875, 89.01265716552734, 824.2379760742188], "obj_id": 2}, {"cam_R_m2c": [-0.8239266276359558, -0.5662679672241211, 0.022049520164728165, -0.3507721424102783, 0.4790453314781189, -0.8046581149101257, 0.44508928060531616, -0.6707133054733276, -0.5933293700218201], "cam_t_m2c": [-95.84538269042969, 82.76407623291016, 833.6233520507812], "obj_id": 3}, {"cam_R_m2c": [-0.8712486624717712, -0.49034634232521057, 0.0220495518296957, -0.30654376745224, 0.5084844827651978, -0.8046579360961914, 0.38334921002388, -0.7078163027763367, -0.5933290123939514], "cam_t_m2c": [154.34161376953125, -108.00732421875, 1098.4593505859375], "obj_id": 4}, {"cam_R_m2c": [0.25954997539520264, 0.9654779434204102, 0.02204953134059906, 0.5777320265769958, -0.13693533837795258, -0.8046579957008362, -0.7738601565361023, 0.22158770263195038, -0.5933290719985962], "cam_t_m2c": [8.38499641418457, -96.18501281738281, 1078.1932373046875], "obj_id": 5}, {"cam_R_m2c": [0.5401192903518677, -0.8412996530532837, 0.02204948104918003, -0.48982277512550354, -0.33555859327316284, -0.8046581149101257, 0.6843573451042175, 0.423811137676239, -0.5933294892311096], "cam_t_m2c": [5.879731178283691, -155.76625061035156, 1161.9970703125], "obj_id": 6}],
  "10": [{"cam_R_m2c": [-0.445170521736145, -0.7375657558441162, 0.5077595114707947, -0.7920873165130615, 0.059884633868932724, -0.6074630618095398, 0.41763705015182495, -0.6726146340370178, -0.6108753085136414], "cam_t_m2c": [-82.32001495361328, -199.86148071289062, 546.5723876953125], "obj_id": 1}, {"cam_R_m2c": [-0.3350943624973297, -0.7936573624610901, 0.5077595114707947, -0.7925083637237549, -0.05402842164039612, -0.6074630618095398, 0.5095509886741638, -0.6059611439704895, -0.6108754873275757], "cam_t_m2c": [223.97129821777344, 29.40756607055664, 573.2576293945312], "obj_id": 2}, {"cam_R_m2c": [0.5066248178482056, 0.6967865824699402, 0.5077596306800842, 0.7840627431869507, -0.12741436064243317, -0.6074631214141846, -0.35857629776000977, 0.7058713436126709, -0.6108757257461548], "cam_t_m2c": [7.677680015563965, -137.82537841796875, 559.4898681640625], "obj_id": 3}, {"cam_R_m2c": [0.6743384003639221, -0.5361418128013611, 0.5077596306800842, -0.16103819012641907, -0.7778533101081848, -0.6074632406234741, 0.7206487059593201, 0.32786715030670166, -0.6108757853507996], "cam_t_m2c": [369.8648376464844, 85.19298553466797, 635.6775512695312], "obj_id": 4}, {"cam_R_m2c": [-0.35610899329185486, -0.7844530344009399, 0.5077595114707947, -0.7936659455299377, -0.03290637955069542, -0.6074631214141846, 0.49323487281799316, -0.6193145513534546, -0.6108753085136414], "cam_t_m2c": [-10.975906372070312, 13.727048873901367, 391.34625244140625], "obj_id": 5}, {"cam_R_m2c": [0.8126700520515442, -0.2859155237674713, 0.5077595710754395, 0.10240823775529861, -0.7877192497253418, -0.6074631810188293, 0.5736549496650696, 0.5456659197807312, -0.6108757853507996], "cam_t_m2c": [-126.9179458618164, 39.33073425292969, 272.52020263671875], "obj_id": 6}],
  "11": [{"cam_R_m2c": [-0.7216108441352844, -0.6915408968925476, 0.032398782670497894, -0.6723998785018921, 0.688960611820221, -0.27057674527168274, 0.16479334235191345, -0.2170359492301941, -0.9621534943580627], "cam_t_m2c": [-147.35682678222656, -217.3801727294922, 538.8115234375], "obj_id": 1}, {"cam_R_m2c": [-0.6152753233909607, -0.7876467108726501, 0.03239881992340088, -0.7640324234962463, 0.5856986045837402, -0.27057674527168274, 0.1941428929567337, -0.1912328451871872, -0.9621534943580627], "cam_t_m2c": [233.18128967285156, -169.61839294433594, 538.2474365234375], "obj_id": 2}, {"cam_R_m2c": [0.7781151533126831, 0.6272855997085571, 0.03239879012107849, 0.6110073328018188, -0.7439481019973755, -0.27057671546936035, -0.14562584459781647, 0.2303357571363449, -0.9621533751487732], "cam_t_m2c": [-37.5332145690918, -210.22012329101562, 540.3696899414062], "obj_id": 3}, {"cam_R_m2c": [0.5932182669639587, -0.8043895363807678, 0.03239871934056282, -0.7695533037185669, -0.5784258842468262, -0.27057674527168274, 0.23638932406902313, 0.13557855784893036, -0.962153434753418], "cam_t_m2c": [394.32684326171875, -215.0831298828125, 554.3177490234375], "obj_id": 4}, {"cam_R_m2c": [-0.6360301375389099, -0.7709836959838867, 0.032398805022239685, -0.7481653690338135, 0.6058356761932373, -0.27057668566703796, 0.18898186087608337, -0.1963346004486084, -0.9621530175209045], "cam_t_m2c": [-0.19043244421482086, 5.461678981781006, 479.7458801269531], "obj_id": 5}, {"cam_R_m2c": [0.8238102793693542, -0.5659390091896057, 0.03239874914288521, -0.5378627777099609, -0.798430860042572, -0.2705766558647156, 0.17899805307388306, 0.2054777443408966, -0.9621530771255493], "cam_t_m2c": [-102.51798248291016, 133.29568481445312, 442.2590026855469], "obj_id": 6}],
  "12": [{"cam_R_m2c": [-0.570695698261261, 0.7743697166442871, -0.27323612570762634, 0.526889979839325, 0.09009885042905807, -0.8451444506645203, -0.6298360228538513, -0.6262856721878052, -0.4594267010688782], "cam_t_m2c": [344.7455749511719, -54.642906188964844, 164.51345825195312], "obj_id": 1}, {"cam_R_m2c": [0.09221714735031128, -0.9575167298316956, -0.27323615550994873, -0.4984145164489746, 0.19316783547401428, -0.8451446294784546, 0.8620204925537109, 0.21412181854248047, -0.4594269096851349], "cam_t_m2c": [-25.99315643310547, -8.664251327514648, 300.53509521484375], "obj_id": 2}, {"cam_R_m2c": [-0.4212283194065094, -0.8648171424865723, -0.27323609590530396, -0.32425665855407715, 0.4249569773674011, -0.8451444506645203, 0.847009003162384, -0.26740017533302307, -0.459426611661911], "cam_t_m2c": [4.9599761962890625, 14.588495254516602, 238.974853515625], "obj_id": 3}, {"cam_R_m2c": [0.6321507692337036, -0.7250706553459167, -0.27323615550994873, -0.5177497267723083, -0.1329139620065689, -0.8451446294784546, 0.5764726400375366, 0.6757268309593201, -0.4594268202781677], "cam_t_m2c": [-232.30226135253906, 164.53794860839844, 100.1329574584961], "obj_id": 4}, {"cam_R_m2c": [0.9046007394790649, -0.3271690905094147, -0.27323606610298157, -0.3881853222846985, -0.36748215556144714, -0.845144510269165, 0.17609576880931854, 0.8705845475196838, -0.4594268500804901], "cam_t_m2c": [-216.6513214111328, 70.56902313232422, 265.2245178222656], "obj_id": 5}, {"cam_R_m2c": [0.8359923958778381, -0.4758768379688263, -0.2732360363006592, -0.4448961913585663, -0.2963075339794159, -0.8451444506645203, 0.32122278213500977, 0.8280960321426392, -0.4594266414642334], "cam_t_m2c": [68.24884033203125, 92.875244140625, 58.74803924560547], "obj_id": 6}],
  "13": [{"cam_R_m2c": [0.9831203818321228, -0.18114803731441498, 0.02568499557673931, -0.17792309820652008, -0.9793010354042053, -0.0965021476149559, 0.042634520679712296, 0.09030327200889587, -0.9950012564659119], "cam_t_m2c": [-235.87734985351562, -263.2385559082031, 878.0852661132812], "obj_id": 1}, {"cam_R_m2c": [-0.7506880164146423, 0.6601575016975403, 0.02568499930202961, 0.6554292440414429, 0.7490659952163696, -0.0965021550655365, -0.08294637501239777, -0.05560830608010292, -0.9950013756752014], "cam_t_m2c": [-21.59268569946289, 70.56884765625, 851.29345703125], "obj_id": 2}, {"cam_R_m2c": [-0.295626699924469, 0.9549583792686462, 0.025685014203190804, 0.9500789046287537, 0.29671141505241394, -0.09650216996669769, -0.09977658092975616, -0.0041258130222558975, -0.9950016140937805], "cam_t_m2c": [-0.4971795082092285, 1.3357161283493042, 858.37890625], "obj_id": 3}, {"cam_R_m2c": [-0.9946473836898804, 0.10008826851844788, 0.025685003027319908, 0.09718667715787888, 0.9905766248703003, -0.09650218486785889, -0.035101696848869324, -0.09348936378955841, -0.9950017333030701], "cam_t_m2c": [311.39813232421875, 28.98614501953125, 861.8516235351562], "obj_id": 4}, {"cam_R_m2c": [-0.9182353019714355, -0.39520230889320374, 0.025685003027319908, -0.39576390385627747, 0.9132679104804993, -0.09650218486785889, 0.014680588617920876, -0.09877687692642212, -0.9950016140937805], "cam_t_m2c": [169.7657470703125, 155.63011169433594, 846.622802734375], "obj_id": 5}, {"cam_R_m2c": [-0.9719663262367249, -0.23371262848377228, 0.02568499743938446, -0.2351086586713791, 0.9671666026115417, -0.0965021550655365, -0.0022878979798406363, -0.09983561187982559, -0.9950012564659119], "cam_t_m2c": [85.52407836914062, -185.1496124267578, 879.3448486328125], "obj_id": 6}],
  "14": [{"cam_R_m2c": [-0.9597576856613159, -0.26900535821914673, -0.08063100278377533, -0.2565924823284149, 0.9566877484321594, -0.13750946521759033, 0.11412947624921799, -0.1112864539027214, -0.9872131943702698], "cam_t_m2c": [135.23190307617188, -364.2165832519531, 863.7377319335938], "obj_id": 1}, {"cam_R_m2c": [0.7033789157867432, 0.7062272429466248, -0.08063101023435593, 0.6939094066619873, -0.7068108320236206, -0.1375095099210739, -0.15410378575325012, 0.04077069088816643, -0.9872135519981384], "cam_t_m2c": [4.784001350402832, 4.649862289428711, 823.0645751953125], "obj_id": 2}, {"cam_R_m2c": [0.7422000169754028, -0.6653103232383728, -0.08063099533319473, -0.6693841218948364, -0.7300795316696167, -0.13750948011875153, 0.03261943534016609, 0.15603263676166534, -0.9872131943702698], "cam_t_m2c": [-382.8960266113281, 67.03582763671875, 845.8634643554688], "obj_id": 3}, {"cam_R_m2c": [-0.4861565828323364, -0.8701438307762146, -0.08063101768493652, -0.8592131733894348, 0.4927918314933777, -0.13750946521759033, 0.15938732028007507, 0.002428093459457159, -0.9872130155563354], "cam_t_m2c": [-140.5134735107422, 75.55657196044922, 822.9682006835938], "obj_id": 4}, {"cam_R_m2c": [0.8077355027198792, 0.5840051770210266, -0.08063102513551712, 0.571295976638794, -0.8091431260108948, -0.1375095099210739, -0.1455482691526413, 0.06500715017318726, -0.9872134327888489], "cam_t_m2c": [-6.1586833000183105, -512.2239379882812, 894.5827026367188], "obj_id": 5}, {"cam_R_m2c": [0.9512356519699097, -0.29774054884910583, -0.08063101023435593, -0.3064727187156677, -0.9418947696685791, -0.13750948011875153, -0.035003773868083954, 0.15551511943340302, -0.9872131943702698], "cam_t_m2c": [117.79776000976562, 36.43962860107422, 809.894775390625], "obj_id": 6}],
  "15": [{"cam_R_m2c": [-0.747534990310669, 0.37205594778060913, -0.5502416491508484, 0.6541396379470825, 0.268574059009552, -0.707085132598877, -0.11529457569122314, -0.8885056972503662, -0.4441450536251068], "cam_t_m2c": [-106.6129379272461, -99.6090316772461, 917.6314086914062], "obj_id": 1}, {"cam_R_m2c": [0.8338623046875, 0.04367736726999283, -0.5502417087554932, -0.4374855160713196, -0.5555511116981506, -0.7070850729942322, -0.3365710377693176, 0.8303343653678894, -0.4441449046134949], "cam_t_m2c": [20.082937240600586, 22.792081832885742, 565.921875], "obj_id": 2}, {"cam_R_m2c": [0.08741901814937592, -0.8304168581962585, -0.5502416491508484, -0.5777649283409119, 0.4076988399028778, -0.707085132598877, 0.811508297920227, 0.3797230124473572, -0.4441450834274292], "cam_t_m2c": [-188.0701904296875, 300.6492614746094, 381.05633544921875], "obj_id": 3}, {"cam_R_m2c": [-0.7909716963768005, -0.2675778865814209, -0.5502417087554932, 0.2709251046180725, 0.6531693339347839, -0.7070851922035217, 0.5486013293266296, -0.7083585858345032, -0.4441449046134949], "cam_t_m2c": [-31.901031494140625, 129.3657684326172, 456.0180969238281], "obj_id": 4}, {"cam_R_m2c": [0.8300426602363586, -0.0909026488661766, -0.5502416491508484, -0.521082878112793, -0.4780200719833374, -0.7070850729942322, -0.19875068962574005, 0.8736323118209839, -0.4441448450088501], "cam_t_m2c": [-279.59967041015625, -13.353276252746582, 991.688232421875], "obj_id": 5}, {"cam_R_m2c": [0.4238259494304657, -0.7194481492042542, -0.5502417683601379, -0.6947972178459167, 0.13148212432861328, -0.707085132598877, 0.5810580253601074, 0.681987464427948, -0.4441450536251068], "cam_t_m2c": [109.20123291015625, -53.740875244140625, 578.4429321289062], "obj_id": 6}],
  "16": [{"cam_R_m2c": [0.034294627606868744, -0.9655066132545471, -0.2581101655960083, -0.9489912986755371, 0.049535442143678665, -0.31138694286346436, 0.3134317398071289, 0.2556231915950775, -0.9145585894584656], "cam_t_m2c": [150.83642578125, 87.87136840820312, 778.3302612304688], "obj_id": 1}, {"cam_R_m2c": [0.9503380060195923, -0.17388713359832764, -0.25811028480529785, -0.25221335887908936, -0.9162026643753052, -0.31138700246810913, -0.1823350340127945, 0.3610217571258545, -0.9145588874816895], "cam_t_m2c": [20.154037475585938, 193.682861328125, 779.24169921875], "obj_id": 2}, {"cam_R_m2c": [-0.8390001654624939, 0.47901803255081177, -0.25811025500297546, 0.5416043996810913, 0.7808347344398499, -0.31138694286346436, 0.052381522953510284, -0.4010472595691681, -0.9145587682723999], "cam_t_m2c": [4.622910976409912, 5.085649013519287, 847.6489868164062], "obj_id": 3}, {"cam_R_m2c": [-0.0561164990067482, 0.964484453201294, -0.25811025500297546, 0.9498687982559204, -0.028065867722034454, -0.31138697266578674, -0.3075719177722931, -0.26264476776123047, -0.9145587682723999], "cam_t_m2c": [-41.521785736083984, 402.3164367675781, 723.3601684570312], "obj_id": 4}, {"cam_R_m2c": [0.6737152934074402, 0.6924499273300171, -0.2581102252006531, 0.620474636554718, -0.7197569608688354, -0.31138697266578674, -0.40139639377593994, 0.04963536933064461, -0.9145589470863342], "cam_t_m2c": [-224.2124481201172, -159.6141815185547, 967.0173950195312], "obj_id": 5}, {"cam_R_m2c": [-0.4945424795150757, -0.8299441933631897, -0.2581102252006531, -0.7706248164176941, 0.5560356974601746, -0.31138697266578674, 0.4019522964954376, 0.044912099838256836, -0.9145588278770447], "cam_t_m2c": [-103.70145416259766, -231.99685668945312, 959.6585083007812], "obj_id": 6}],
  "17": [{"cam_R_m2c": [-0.8716728091239929, -0.3834994435310364, -0.3051483929157257, 0.1487417072057724, 0.386255145072937, -0.9103203415870667, 0.4669724702835083, -0.8388894200325012, -0.27964600920677185], "cam_t_m2c": [147.5228271484375, -58.19570541381836, 819.209716796875], "obj_id": 1}, {"cam_R_m2c": [0.18732205033302307, -0.9336996674537659, -0.3051483929157257, -0.34529194235801697, 0.22823379933834076, -0.9103202819824219, 0.919610857963562, 0.2758884131908417, -0.27964580059051514], "cam_t_m2c": [188.23695373535156, -22.858657836914062, 659.9349975585938], "obj_id": 2}, {"cam_R_m2c": [0.1327083706855774, 0.9430127739906311, -0.30514827370643616, 0.2501370310783386, -0.32977065443992615, -0.9103201627731323, -0.959072470664978, 0.044478241354227066, -0.27964574098587036], "cam_t_m2c": [5.075501441955566, 15.652984619140625, 733.8160400390625], "obj_id": 3}, {"cam_R_m2c": [0.86277836561203, 0.4031103551387787, -0.30514833331108093, -0.13997016847133636, -0.38951975107192993, -0.9103201627731323, -0.4858207702636719, 0.828116238117218, -0.2796458303928375], "cam_t_m2c": [355.9809875488281, -35.62833023071289, 511.0944519042969], "obj_id": 4}, {"cam_R_m2c": [0.8798078298568726, -0.36444854736328125, -0.30514830350875854, -0.3818698227405548, -0.1596643328666687, -0.9103201627731323, 0.2830435633659363, 0.9174336791038513, -0.2796458303928375], "cam_t_m2c": [-250.60215759277344, 136.1987762451172, 616.1804809570312], "obj_id": 5}, {"cam_R_m2c": [-0.9403812885284424, 0.1502276062965393, -0.3051483631134033, 0.3343667984008789, 0.24395917356014252, -0.9103203415870667, -0.06231141835451126, -0.9580792784690857, -0.2796460688114166], "cam_t_m2c": [-264.7913513183594, 101.30493927001953, 751.8173828125], "obj_id": 6}]
}