{
 "cells": [
  {
   "cell_type": "code",
   "execution_count": 2,
   "id": "15fe4857",
   "metadata": {},
   "outputs": [],
   "source": [
    "import math\n",
    "import os\n",
    "from PIL import Image\n",
    "from sklearn.model_selection import train_test_split\n",
    "import json\n",
    "import yaml"
   ]
  },
  {
   "cell_type": "code",
   "execution_count": 19,
   "id": "269a71d4",
   "metadata": {},
   "outputs": [
    {
     "name": "stdout",
     "output_type": "stream",
     "text": [
      "{'dataset': 'chess', 'dataset_split': 'train', 'dataset_split_type': None, 'delta': 15, 'renderer_type': 'vispy', 'datasets_path': '/home/max/Documents/blenderproc/output/bop_data'}\n",
      "6/2|09:18:46: Initializing renderer...\n",
      "vispy uses app: egl, gl: gl2\n",
      "{'obj_ids': [1, 2, 3, 4, 5, 6], 'symmetric_obj_ids': [1, 2, 3, 4, 5, 6], 'model_tpath': '/home/max/Documents/blenderproc/output/bop_data/chess/models/obj_{obj_id:06d}.ply', 'models_info_path': '/home/max/Documents/blenderproc/output/bop_data/chess/models/models_info.json'}\n",
      "6/2|09:18:47: Calculating masks - dataset: chess (train, None), scene: 0, im: 0\n",
      "{'cam_R_m2c': array([[ 0.3371422 ,  0.91114074,  0.23697627],\n",
      "       [ 0.80179757, -0.14596319, -0.57949585],\n",
      "       [-0.49341244,  0.38537949, -0.77976072]]), 'cam_t_m2c': array([[ -3.48708057],\n",
      "       [ 12.3054409 ],\n",
      "       [742.33026123]]), 'obj_id': 1} 0\n",
      "572.411363389757 573.5704328585578 325.2611083984375 242.04899588216654\n",
      "\n",
      "{'cam_R_m2c': array([[-0.56988555,  0.78681171,  0.23697634],\n",
      "       [ 0.56711209,  0.58529353, -0.57949579],\n",
      "       [-0.5946548 , -0.19585414, -0.77976072]]), 'cam_t_m2c': array([[-186.05728149],\n",
      "       [ 202.42352295],\n",
      "       [ 545.62121582]]), 'obj_id': 2} 1\n",
      "572.411363389757 573.5704328585578 325.2611083984375 242.04899588216654\n",
      "\n",
      "{'cam_R_m2c': array([[-0.96199828, -0.13565145,  0.23697633],\n",
      "       [-0.2520377 ,  0.77502358, -0.57949585],\n",
      "       [-0.10505278, -0.61720103, -0.7797606 ]]), 'cam_t_m2c': array([[367.17752075],\n",
      "       [ 66.16854858],\n",
      "       [814.79309082]]), 'obj_id': 3} 2\n",
      "572.411363389757 573.5704328585578 325.2611083984375 242.04899588216654\n",
      "\n",
      "{'cam_R_m2c': array([[-0.32069844,  0.91705793,  0.23697639],\n",
      "       [ 0.71097183,  0.39837629, -0.57949603],\n",
      "       [-0.62583709, -0.01735981, -0.77976102]]), 'cam_t_m2c': array([[451.81445312],\n",
      "       [263.65631104],\n",
      "       [691.32745361]]), 'obj_id': 4} 3\n",
      "572.411363389757 573.5704328585578 325.2611083984375 242.04899588216654\n",
      "\n",
      "{'cam_R_m2c': array([[ 0.97118622, -0.02528935,  0.23697633],\n",
      "       [ 0.12041233, -0.80603069, -0.57949585],\n",
      "       [ 0.20566526,  0.59133327, -0.77976078]]), 'cam_t_m2c': array([[-154.69540405],\n",
      "       [ 120.0634613 ],\n",
      "       [ 614.6239624 ]]), 'obj_id': 5} 4\n",
      "572.411363389757 573.5704328585578 325.2611083984375 242.04899588216654\n",
      "\n",
      "{'cam_R_m2c': array([[ 0.55778462,  0.79543614,  0.23697634],\n",
      "       [ 0.73831058, -0.34508327, -0.57949597],\n",
      "       [-0.37917542,  0.49819607, -0.77976108]]), 'cam_t_m2c': array([[143.82792664],\n",
      "       [ -3.72770929],\n",
      "       [799.70062256]]), 'obj_id': 6} 5\n",
      "572.411363389757 573.5704328585578 325.2611083984375 242.04899588216654\n",
      "\n",
      "{'cam_R_m2c': array([[-0.93270516,  0.36062604, -0.0031343 ],\n",
      "       [ 0.31022608,  0.7978608 , -0.51689261],\n",
      "       [-0.1839042 , -0.48308074, -0.85604447]]), 'cam_t_m2c': array([[-3.36349100e-01],\n",
      "       [ 1.16788111e+01],\n",
      "       [ 1.00222888e+03]]), 'obj_id': 1} 0\n",
      "572.411363389757 573.5704328585578 325.2611083984375 242.04899588216654\n",
      "\n",
      "{'cam_R_m2c': array([[-0.81832141, -0.57475317, -0.00313429],\n",
      "       [-0.49069336,  0.70145714, -0.51689273],\n",
      "       [ 0.29928422, -0.42144617, -0.85604501]]), 'cam_t_m2c': array([[-272.96618652],\n",
      "       [-145.33641052],\n",
      "       [1098.09545898]]), 'obj_id': 2} 1\n",
      "572.411363389757 573.5704328585578 325.2611083984375 242.04899588216654\n",
      "\n",
      "{'cam_R_m2c': array([[ 0.12521468, -0.99212474, -0.00313432],\n",
      "       [-0.84951413, -0.10558305, -0.51689261],\n",
      "       [ 0.51249105,  0.0673852 , -0.85604453]]), 'cam_t_m2c': array([[  5.20205736],\n",
      "       [338.15750122],\n",
      "       [804.93377686]]), 'obj_id': 3} 2\n",
      "572.411363389757 573.5704328585578 325.2611083984375 242.04899588216654\n",
      "\n",
      "{'cam_R_m2c': array([[-0.9486416 , -0.31633872, -0.00313427],\n",
      "       [-0.26926577,  0.81259948, -0.51689273],\n",
      "       [ 0.16606006, -0.48950177, -0.85604489]]), 'cam_t_m2c': array([[-225.67193604],\n",
      "       [ 414.621521  ],\n",
      "       [ 757.40429688]]), 'obj_id': 4} 3\n",
      "572.411363389757 573.5704328585578 325.2611083984375 242.04899588216654\n",
      "\n",
      "{'cam_R_m2c': array([[ 0.04056383,  0.99917209, -0.00313427],\n",
      "       [ 0.85527843, -0.03634365, -0.51689267],\n",
      "       [-0.51657856,  0.0182865 , -0.85604459]]), 'cam_t_m2c': array([[-165.25439453],\n",
      "       [-120.19698334],\n",
      "       [1080.94006348]]), 'obj_id': 5} 4\n",
      "572.411363389757 573.5704328585578 325.2611083984375 242.04899588216654\n",
      "\n",
      "{'cam_R_m2c': array([[-0.81031936,  0.58598089, -0.00313427],\n",
      "       [ 0.50294346,  0.69272649, -0.51689273],\n",
      "       [-0.30071798, -0.42042431, -0.85604501]]), 'cam_t_m2c': array([[ 48.9561348 ],\n",
      "       [141.19277954],\n",
      "       [924.46948242]]), 'obj_id': 6} 5\n",
      "572.411363389757 573.5704328585578 325.2611083984375 242.04899588216654\n",
      "\n",
      "{'cam_R_m2c': array([[ 0.71654177, -0.69238341,  0.08469456],\n",
      "       [-0.68392569, -0.72122967, -0.10987894],\n",
      "       [ 0.13716258,  0.02080807, -0.99032998]]), 'cam_t_m2c': array([[-1.88547206e+00],\n",
      "       [ 8.19342494e-01],\n",
      "       [ 9.01087219e+02]]), 'obj_id': 1} 0\n",
      "572.411363389757 573.5704328585578 325.2611083984375 242.04899588216654\n",
      "\n",
      "{'cam_R_m2c': array([[ 0.97389066,  0.21062709,  0.08469457],\n",
      "       [ 0.21922605, -0.96946764, -0.10987898],\n",
      "       [ 0.05896512,  0.12557736, -0.9903304 ]]), 'cam_t_m2c': array([[319.6567688 ],\n",
      "       [ 66.94956207],\n",
      "       [921.30072021]]), 'obj_id': 2} 1\n",
      "572.411363389757 573.5704328585578 325.2611083984375 242.04899588216654\n",
      "\n",
      "{'cam_R_m2c': array([[ 0.26938888,  0.95930016,  0.08469457],\n",
      "       [ 0.95941269, -0.25972   , -0.10987897],\n",
      "       [-0.08341005,  0.11085723, -0.99033046]]), 'cam_t_m2c': array([[-154.73390198],\n",
      "       [-347.79541016],\n",
      "       [ 926.57202148]]), 'obj_id': 3} 2\n",
      "572.411363389757 573.5704328585578 325.2611083984375 242.04899588216654\n",
      "\n",
      "{'cam_R_m2c': array([[ 0.99342048, -0.07708798,  0.08469456],\n",
      "       [-0.06758241, -0.9916451 , -0.10987898],\n",
      "       [ 0.09245726,  0.10343217, -0.99033034]]), 'cam_t_m2c': array([[  22.49360275],\n",
      "       [-517.99053955],\n",
      "       [ 958.70654297]]), 'obj_id': 4} 3\n",
      "572.411363389757 573.5704328585578 325.2611083984375 242.04899588216654\n",
      "\n",
      "{'cam_R_m2c': array([[-0.42430791, -0.9015485 ,  0.08469455],\n",
      "       [-0.90325838,  0.41479018, -0.10987895],\n",
      "       [ 0.06393073, -0.12312356, -0.99033004]]), 'cam_t_m2c': array([[209.11367798],\n",
      "       [ 79.56007385],\n",
      "       [909.08081055]]), 'obj_id': 5} 4\n",
      "572.411363389757 573.5704328585578 325.2611083984375 242.04899588216654\n",
      "\n",
      "{'cam_R_m2c': array([[ 0.5168879 , -0.85185325,  0.08469456],\n",
      "       [-0.84486592, -0.52357316, -0.10987899],\n",
      "       [ 0.13794453, -0.01476041, -0.9903304 ]]), 'cam_t_m2c': array([[-105.70101929],\n",
      "       [-119.37841034],\n",
      "       [ 906.08392334]]), 'obj_id': 6} 5\n",
      "572.411363389757 573.5704328585578 325.2611083984375 242.04899588216654\n",
      "\n",
      "{'cam_R_m2c': array([[-0.74461311,  0.66445351, -0.06366421],\n",
      "       [ 0.66457766,  0.72906744, -0.16369872],\n",
      "       [-0.06235467, -0.164202  , -0.9844541 ]]), 'cam_t_m2c': array([[  1.40209985],\n",
      "       [  4.73150778],\n",
      "       [827.27520752]]), 'obj_id': 1} 0\n",
      "572.411363389757 573.5704328585578 325.2611083984375 242.04899588216654\n",
      "\n",
      "{'cam_R_m2c': array([[-0.96628273, -0.24948838, -0.06366423],\n",
      "       [-0.23649803,  0.95774287, -0.16369872],\n",
      "       [ 0.10181489, -0.14312279, -0.98445392]]), 'cam_t_m2c': array([[-317.87857056],\n",
      "       [ -67.13643646],\n",
      "       [ 859.92572021]]), 'obj_id': 2} 1\n",
      "572.411363389757 573.5704328585578 325.2611083984375 242.04899588216654\n",
      "\n",
      "{'cam_R_m2c': array([[-0.2314831 , -0.97075379, -0.06366426],\n",
      "       [-0.95712936,  0.23896956, -0.16369875],\n",
      "       [ 0.17412499,  0.02304147, -0.98445439]]), 'cam_t_m2c': array([[140.54333496],\n",
      "       [353.55557251],\n",
      "       [760.14971924]]), 'obj_id': 3} 2\n",
      "572.411363389757 573.5704328585578 325.2611083984375 242.04899588216654\n",
      "\n",
      "{'cam_R_m2c': array([[-0.99726033,  0.03767553, -0.06366424],\n",
      "       [ 0.04767627,  0.98535764, -0.16369876],\n",
      "       [ 0.05656461, -0.16628549, -0.98445433]]), 'cam_t_m2c': array([[-43.62031937],\n",
      "       [518.44549561],\n",
      "       [742.72381592]]), 'obj_id': 4} 3\n",
      "572.411363389757 573.5704328585578 325.2611083984375 242.04899588216654\n",
      "\n",
      "{'cam_R_m2c': array([[ 0.38881704,  0.91911286, -0.06366425],\n",
      "       [ 0.9044379 , -0.39394838, -0.16369876],\n",
      "       [-0.17553802,  0.00606854, -0.98445433]]), 'cam_t_m2c': array([[-206.67095947],\n",
      "       [ -77.85882568],\n",
      "       [ 853.1418457 ]]), 'obj_id': 5} 4\n",
      "572.411363389757 573.5704328585578 325.2611083984375 242.04899588216654\n",
      "\n",
      "{'cam_R_m2c': array([[-0.55113977,  0.83198065, -0.06366421],\n",
      "       [ 0.82814705,  0.5360738 , -0.1636987 ],\n",
      "       [-0.10206544, -0.14294419, -0.98445398]]), 'cam_t_m2c': array([[100.53594208],\n",
      "       [126.15441895],\n",
      "       [801.21582031]]), 'obj_id': 6} 5\n",
      "572.411363389757 573.5704328585578 325.2611083984375 242.04899588216654\n",
      "\n",
      "{'cam_R_m2c': array([[-0.11951236, -0.98052764, -0.15582766],\n",
      "       [-0.09508765,  0.16753547, -0.98126966],\n",
      "       [ 0.98826867, -0.10245663, -0.11325859]]), 'cam_t_m2c': array([[  1.94815803],\n",
      "       [ 20.04698753],\n",
      "       [976.84613037]]), 'obj_id': 1} 0\n",
      "572.411363389757 573.5704328585578 325.2611083984375 242.04899588216654\n"
     ]
    },
    {
     "name": "stdout",
     "output_type": "stream",
     "text": [
      "\n",
      "{'cam_R_m2c': array([[ 0.74855864, -0.64449805, -0.15582779],\n",
      "       [-0.19212148,  0.01411143, -0.98126984],\n",
      "       [ 0.63462538,  0.76447594, -0.1132587 ]]), 'cam_t_m2c': array([[ 244.14401245],\n",
      "       [ -42.99217224],\n",
      "       [1190.24353027]]), 'obj_id': 2} 1\n",
      "572.411363389757 573.5704328585578 325.2611083984375 242.04899588216654\n",
      "\n",
      "{'cam_R_m2c': array([[ 0.9197911 ,  0.36014175, -0.15582778],\n",
      "       [-0.10234033, -0.16320632, -0.98126984],\n",
      "       [-0.37882823,  0.91851074, -0.11325872]]), 'cam_t_m2c': array([[-364.71844482],\n",
      "       [  67.2808075 ],\n",
      "       [1071.02111816]]), 'obj_id': 3} 2\n",
      "572.411363389757 573.5704328585578 325.2611083984375 242.04899588216654\n",
      "\n",
      "{'cam_R_m2c': array([[ 0.53264284, -0.83187103, -0.15582778],\n",
      "       [-0.18003404,  0.06853844, -0.98126978],\n",
      "       [ 0.82697004,  0.55072069, -0.11325862]]), 'cam_t_m2c': array([[-395.32287598],\n",
      "       [  41.98497391],\n",
      "       [1315.62695312]]), 'obj_id': 4} 3\n",
      "572.411363389757 573.5704328585578 325.2611083984375 242.04899588216654\n",
      "\n",
      "{'cam_R_m2c': array([[-0.96668106, -0.20308976, -0.15582772],\n",
      "       [ 0.12791875,  0.14403673, -0.98126972],\n",
      "       [ 0.22173074, -0.96850812, -0.11325858]]), 'cam_t_m2c': array([[ 188.75001526],\n",
      "       [ -24.55279732],\n",
      "       [1094.74682617]]), 'obj_id': 5} 4\n",
      "572.411363389757 573.5704328585578 325.2611083984375 242.04899588216654\n",
      "\n",
      "{'cam_R_m2c': array([[-0.36495802, -0.91789073, -0.15582764],\n",
      "       [-0.04935207,  0.18620993, -0.98126972],\n",
      "       [ 0.92971504, -0.3504318 , -0.11325862]]), 'cam_t_m2c': array([[-154.56948853],\n",
      "       [  46.34580231],\n",
      "       [ 969.05322266]]), 'obj_id': 6} 5\n",
      "572.411363389757 573.5704328585578 325.2611083984375 242.04899588216654\n",
      "\n",
      "{'cam_R_m2c': array([[-0.21207209,  0.9761712 , -0.04599157],\n",
      "       [ 0.22919872,  0.00393348, -0.97337168],\n",
      "       [-0.94999653, -0.21696618, -0.22457138]]), 'cam_t_m2c': array([[   1.85965788],\n",
      "       [  19.98215675],\n",
      "       [1167.08227539]]), 'obj_id': 1} 0\n",
      "572.411363389757 573.5704328585578 325.2611083984375 242.04899588216654\n",
      "\n",
      "{'cam_R_m2c': array([[-0.92929453,  0.3664659 , -0.04599157],\n",
      "       [ 0.12416201,  0.19269481, -0.97337192],\n",
      "       [-0.34784517, -0.91025919, -0.2245717 ]]), 'cam_t_m2c': array([[-301.46884155],\n",
      "       [  62.04686356],\n",
      "       [1047.10925293]]), 'obj_id': 2} 1\n",
      "572.411363389757 573.5704328585578 325.2611083984375 242.04899588216654\n",
      "\n",
      "{'cam_R_m2c': array([[-0.7585935 , -0.64993906, -0.0459915 ],\n",
      "       [-0.11223528,  0.19987684, -0.97337174],\n",
      "       [ 0.6418249 , -0.73323154, -0.22457138]]), 'cam_t_m2c': array([[323.04125977],\n",
      "       [ 51.61706543],\n",
      "       [963.64709473]]), 'obj_id': 3} 2\n",
      "572.411363389757 573.5704328585578 325.2611083984375 242.04899588216654\n",
      "\n",
      "{'cam_R_m2c': array([[-0.78542918,  0.61724043, -0.04599163],\n",
      "       [ 0.17414418,  0.14906828, -0.97337168],\n",
      "       [-0.59394848, -0.7725237 , -0.22457141]]), 'cam_t_m2c': array([[271.0953064 ],\n",
      "       [106.57810211],\n",
      "       [727.66082764]]), 'obj_id': 4} 3\n",
      "572.411363389757 573.5704328585578 325.2611083984375 242.04899588216654\n",
      "\n",
      "{'cam_R_m2c': array([[ 0.85562259,  0.51555288, -0.04599164],\n",
      "       [ 0.07763907, -0.21568438, -0.97337168],\n",
      "       [-0.51174426,  0.82926804, -0.22457147]]), 'cam_t_m2c': array([[-216.96084595],\n",
      "       [  40.47799301],\n",
      "       [1117.26123047]]), 'obj_id': 5} 4\n",
      "572.411363389757 573.5704328585578 325.2611083984375 242.04899588216654\n",
      "\n",
      "{'cam_R_m2c': array([[ 0.04316873,  0.99800867, -0.04599156],\n",
      "       [ 0.22266272, -0.05448748, -0.97337168],\n",
      "       [-0.9739393 ,  0.03177863, -0.22457148]]), 'cam_t_m2c': array([[ 154.97413635],\n",
      "       [  23.0749054 ],\n",
      "       [1124.69702148]]), 'obj_id': 6} 5\n",
      "572.411363389757 573.5704328585578 325.2611083984375 242.04899588216654\n",
      "\n",
      "{'cam_R_m2c': array([[ 0.25668684, -0.96194267,  0.09369376],\n",
      "       [-0.94247234, -0.27060771, -0.19625999],\n",
      "       [ 0.21414503, -0.03792636, -0.97606587]]), 'cam_t_m2c': array([[ -2.77406979],\n",
      "       [  2.86208296],\n",
      "       [823.83972168]]), 'obj_id': 1} 0\n",
      "572.411363389757 573.5704328585578 325.2611083984375 242.04899588216654\n",
      "\n",
      "{'cam_R_m2c': array([[ 0.94227266, -0.32147124,  0.09369375],\n",
      "       [-0.29907557, -0.93382907, -0.19625993],\n",
      "       [ 0.15058582,  0.15690885, -0.97606575]]), 'cam_t_m2c': array([[ 305.09658813],\n",
      "       [-101.22032928],\n",
      "       [ 874.37341309]]), 'obj_id': 2} 1\n",
      "572.411363389757 573.5704328585578 325.2611083984375 242.04899588216654\n",
      "\n",
      "{'cam_R_m2c': array([[ 0.72489572,  0.68245715,  0.09369376],\n",
      "       [ 0.68546981, -0.70115179, -0.19625996],\n",
      "       [-0.06824548,  0.20649225, -0.9760657 ]]), 'cam_t_m2c': array([[-312.95193481],\n",
      "       [-218.76593018],\n",
      "       [ 838.50408936]]), 'obj_id': 3} 2\n",
      "572.411363389757 573.5704328585578 325.2611083984375 242.04899588216654\n",
      "\n",
      "{'cam_R_m2c': array([[ 0.81074929, -0.57784694,  0.09369373],\n",
      "       [-0.55397111, -0.80907243, -0.19625993],\n",
      "       [ 0.1892132 ,  0.10721398, -0.9760654 ]]), 'cam_t_m2c': array([[-249.8502655 ],\n",
      "       [-452.87219238],\n",
      "       [ 889.70001221]]), 'obj_id': 4} 3\n",
      "572.411363389757 573.5704328585578 325.2611083984375 242.04899588216654\n",
      "\n",
      "{'cam_R_m2c': array([[-0.82776582, -0.55319542,  0.09369373],\n",
      "       [-0.56009287,  0.80484658, -0.1962599 ],\n",
      "       [ 0.033161  , -0.21493442, -0.97606534]]), 'cam_t_m2c': array([[217.61572266],\n",
      "       [-35.30764008],\n",
      "       [851.33587646]]), 'obj_id': 5} 4\n",
      "572.411363389757 573.5704328585578 325.2611083984375 242.04899588216654\n",
      "\n",
      "{'cam_R_m2c': array([[ 0.00359797, -0.99559462,  0.09369375],\n",
      "       [-0.9803049 , -0.02201258, -0.19625995],\n",
      "       [ 0.19745776, -0.09114228, -0.97606552]]), 'cam_t_m2c': array([[-153.27687073],\n",
      "       [ -47.98592758],\n",
      "       [ 820.16375732]]), 'obj_id': 6} 5\n",
      "572.411363389757 573.5704328585578 325.2611083984375 242.04899588216654\n",
      "\n",
      "{'cam_R_m2c': array([[ 0.55439395, -0.7038635 ,  0.44409859],\n",
      "       [-0.47165087, -0.7053628 , -0.52915871],\n",
      "       [ 0.68570608,  0.08390293, -0.72302669]]), 'cam_t_m2c': array([[ -9.34217548],\n",
      "       [  9.5411911 ],\n",
      "       [928.26062012]]), 'obj_id': 1} 0\n",
      "572.411363389757 573.5704328585578 325.2611083984375 242.04899588216654\n",
      "\n",
      "{'cam_R_m2c': array([[ 0.8932808 ,  0.06946867,  0.44409865],\n",
      "       [ 0.3240597 , -0.78420478, -0.52915883],\n",
      "       [ 0.31150413,  0.61660182, -0.72302711]]), 'cam_t_m2c': array([[ 284.80557251],\n",
      "       [ 111.30596924],\n",
      "       [1034.5255127 ]]), 'obj_id': 2} 1\n",
      "572.411363389757 573.5704328585578 325.2611083984375 242.04899588216654\n",
      "\n",
      "{'cam_R_m2c': array([[ 0.35644582,  0.82202363,  0.44409856],\n",
      "       [ 0.84470493, -0.08040266, -0.52915865],\n",
      "       [-0.3992742 ,  0.56374866, -0.72302657]]), 'cam_t_m2c': array([[-187.72268677],\n",
      "       [-305.34228516],\n",
      "       [1048.9798584 ]]), 'obj_id': 3} 2\n",
      "572.411363389757 573.5704328585578 325.2611083984375 242.04899588216654\n",
      "\n",
      "{'cam_R_m2c': array([[ 0.875763  , -0.18925022,  0.44409853],\n",
      "       [ 0.08591449, -0.84416217, -0.52915871],\n",
      "       [ 0.47503456,  0.50157213, -0.72302669]]), 'cam_t_m2c': array([[ -50.00510025],\n",
      "       [-423.71591187],\n",
      "       [1217.59228516]]), 'obj_id': 4} 3\n",
      "572.411363389757 573.5704328585578 325.2611083984375 242.04899588216654\n",
      "\n",
      "{'cam_R_m2c': array([[-0.48746648, -0.75176644,  0.44409844],\n",
      "       [-0.81978118,  0.21897417, -0.52915871],\n",
      "       [ 0.3005577 , -0.62201083, -0.72302651]]), 'cam_t_m2c': array([[188.49145508],\n",
      "       [105.41434479],\n",
      "       [977.80688477]]), 'obj_id': 5} 4\n",
      "572.411363389757 573.5704328585578 325.2611083984375 242.04899588216654\n",
      "\n",
      "{'cam_R_m2c': array([[ 0.35715228, -0.82171708,  0.44409862],\n",
      "       [-0.63553554, -0.56221539, -0.52915883],\n",
      "       [ 0.68449771, -0.09325002, -0.72302699]]), 'cam_t_m2c': array([[-116.54998779],\n",
      "       [-106.10997772],\n",
      "       [ 947.79077148]]), 'obj_id': 6} 5\n",
      "572.411363389757 573.5704328585578 325.2611083984375 242.04899588216654\n",
      "\n",
      "{'cam_R_m2c': array([[ 0.88736343,  0.46106875, -0.0013568 ],\n",
      "       [ 0.44571555, -0.85856098, -0.25339967],\n",
      "       [-0.11799954,  0.22425286, -0.96736109]]), 'cam_t_m2c': array([[  1.32196045],\n",
      "       [  4.56033945],\n",
      "       [833.24169922]]), 'obj_id': 1} 0\n",
      "572.411363389757 573.5704328585578 325.2611083984375 242.04899588216654\n",
      "\n",
      "{'cam_R_m2c': array([[ 0.11012578,  0.99391687, -0.00135678],\n",
      "       [ 0.96144009, -0.1068736 , -0.2533997 ],\n",
      "       [-0.25200319,  0.02660142, -0.96736109]]), 'cam_t_m2c': array([[ 43.65083694],\n",
      "       [320.07226562],\n",
      "       [750.58740234]]), 'obj_id': 2} 1\n",
      "572.411363389757 573.5704328585578 325.2611083984375 242.04899588216654\n"
     ]
    },
    {
     "name": "stdout",
     "output_type": "stream",
     "text": [
      "\n",
      "{'cam_R_m2c': array([[-0.82696271,  0.56225508, -0.00135679],\n",
      "       [ 0.54418886,  0.79977942, -0.25339964],\n",
      "       [-0.14139012, -0.2102904 , -0.96736068]]), 'cam_t_m2c': array([[ 283.77496338],\n",
      "       [-243.64332581],\n",
      "       [ 897.73669434]]), 'obj_id': 3} 2\n",
      "572.411363389757 573.5704328585578 325.2611083984375 242.04899588216654\n",
      "\n",
      "{'cam_R_m2c': array([[ 0.39014265,  0.92075342, -0.00135683],\n",
      "       [ 0.8905682 , -0.37772587, -0.25339958],\n",
      "       [-0.23383106,  0.09765363, -0.96736068]]), 'cam_t_m2c': array([[ 503.98742676],\n",
      "       [-134.28230286],\n",
      "       [ 866.82977295]]), 'obj_id': 4} 3\n",
      "572.411363389757 573.5704328585578 325.2611083984375 242.04899588216654\n",
      "\n",
      "{'cam_R_m2c': array([[ 0.72260559, -0.69125921, -0.00135678],\n",
      "       [-0.66894668, -0.69878387, -0.25339964],\n",
      "       [ 0.17421673,  0.1840156 , -0.96736068]]), 'cam_t_m2c': array([[ -4.79977846],\n",
      "       [222.1477356 ],\n",
      "       [774.90722656]]), 'obj_id': 5} 4\n",
      "572.411363389757 573.5704328585578 325.2611083984375 242.04899588216654\n",
      "\n",
      "{'cam_R_m2c': array([[ 0.97544777,  0.22022676, -0.0013568 ],\n",
      "       [ 0.21270373, -0.94368768, -0.25339964],\n",
      "       [-0.05708577,  0.24688952, -0.96736109]]), 'cam_t_m2c': array([[  82.02816772],\n",
      "       [-127.74578094],\n",
      "       [ 868.33789062]]), 'obj_id': 6} 5\n",
      "572.411363389757 573.5704328585578 325.2611083984375 242.04899588216654\n",
      "\n",
      "{'cam_R_m2c': array([[ 0.9861666 , -0.0995822 ,  0.13250954],\n",
      "       [-0.04807608, -0.93689454, -0.34629178],\n",
      "       [ 0.15863191,  0.33513084, -0.92872167]]), 'cam_t_m2c': array([[ -1.94946742],\n",
      "       [  5.93015337],\n",
      "       [671.152771  ]]), 'obj_id': 1} 0\n",
      "572.411363389757 573.5704328585578 325.2611083984375 242.04899588216654\n",
      "\n",
      "{'cam_R_m2c': array([[ 0.63106716,  0.76432693,  0.13250959],\n",
      "       [ 0.7520088 , -0.56086135, -0.34629184],\n",
      "       [-0.19036065,  0.31818178, -0.92872173]]), 'cam_t_m2c': array([[210.26434326],\n",
      "       [249.78485107],\n",
      "       [610.56085205]]), 'obj_id': 2} 1\n",
      "572.411363389757 573.5704328585578 325.2611083984375 242.04899588216654\n",
      "\n",
      "{'cam_R_m2c': array([[-0.38036084,  0.91529638,  0.13250951],\n",
      "       [ 0.84748244,  0.40231302, -0.34629184],\n",
      "       [-0.37026992, -0.01941629, -0.92872173]]), 'cam_t_m2c': array([[  93.00536346],\n",
      "       [-335.68981934],\n",
      "       [ 811.94952393]]), 'obj_id': 3} 2\n",
      "572.411363389757 573.5704328585578 325.2611083984375 242.04899588216654\n",
      "\n",
      "{'cam_R_m2c': array([[ 0.82351834,  0.55159664,  0.13250953],\n",
      "       [ 0.55989945, -0.75272512, -0.34629181],\n",
      "       [-0.09127014,  0.35936967, -0.92872161]]), 'cam_t_m2c': array([[ 337.55633545],\n",
      "       [-348.92086792],\n",
      "       [ 849.74328613]]), 'obj_id': 4} 3\n",
      "572.411363389757 573.5704328585578 325.2611083984375 242.04899588216654\n",
      "\n",
      "{'cam_R_m2c': array([[ 0.22377357, -0.96559137,  0.1325095 ],\n",
      "       [-0.90234101, -0.25663766, -0.34629175],\n",
      "       [ 0.36838323, -0.04207779, -0.92872143]]), 'cam_t_m2c': array([[115.48163605],\n",
      "       [190.67048645],\n",
      "       [617.62158203]]), 'obj_id': 5} 4\n",
      "572.411363389757 573.5704328585578 325.2611083984375 242.04899588216654\n",
      "\n",
      "{'cam_R_m2c': array([[ 0.92841303, -0.34711733,  0.13250956],\n",
      "       [-0.28477347, -0.89386058, -0.34629181],\n",
      "       [ 0.23864889,  0.28376663, -0.92872161]]), 'cam_t_m2c': array([[  -9.4354372 ],\n",
      "       [-142.95484924],\n",
      "       [ 726.1741333 ]]), 'obj_id': 6} 5\n",
      "572.411363389757 573.5704328585578 325.2611083984375 242.04899588216654\n",
      "\n",
      "{'cam_R_m2c': array([[ 0.0614742 ,  0.92716652,  0.36957183],\n",
      "       [ 0.24598244,  0.34477794, -0.90588129],\n",
      "       [-0.96732295,  0.14659657, -0.20687175]]), 'cam_t_m2c': array([[  -6.40265512],\n",
      "       [  19.01256752],\n",
      "       [1216.91809082]]), 'obj_id': 1} 0\n",
      "572.411363389757 573.5704328585578 325.2611083984375 242.04899588216654\n",
      "\n",
      "{'cam_R_m2c': array([[-0.74976397,  0.54888123,  0.36957186],\n",
      "       [-0.15920943,  0.39246869, -0.90588117],\n",
      "       [-0.64226651, -0.73803639, -0.20687179]]), 'cam_t_m2c': array([[ 136.26298523],\n",
      "       [  93.73993683],\n",
      "       [1144.80859375]]), 'obj_id': 2} 1\n",
      "572.411363389757 573.5704328585578 325.2611083984375 242.04899588216654\n",
      "\n",
      "{'cam_R_m2c': array([[ 0.16403708, -0.91460848,  0.36957192],\n",
      "       [-0.15553197, -0.39394066, -0.90588135],\n",
      "       [ 0.97411597,  0.09111801, -0.20687188]]), 'cam_t_m2c': array([[ 196.90626526],\n",
      "       [ 108.84882355],\n",
      "       [1186.14880371]]), 'obj_id': 3} 2\n",
      "572.411363389757 573.5704328585578 325.2611083984375 242.04899588216654\n",
      "\n",
      "{'cam_R_m2c': array([[ 0.84818226,  0.37947786,  0.36957192],\n",
      "       [ 0.41980278, -0.05607991, -0.90588129],\n",
      "       [-0.32303631,  0.92349976, -0.20687184]]), 'cam_t_m2c': array([[-226.07406616],\n",
      "       [ -30.85366058],\n",
      "       [1033.1307373 ]]), 'obj_id': 4} 3\n",
      "572.411363389757 573.5704328585578 325.2611083984375 242.04899588216654\n",
      "\n",
      "{'cam_R_m2c': array([[-0.36173716, -0.85589916,  0.36957192],\n",
      "       [-0.34533337, -0.24520254, -0.90588135],\n",
      "       [ 0.8659628 , -0.45531622, -0.20687194]]), 'cam_t_m2c': array([[-1.61414108e+02],\n",
      "       [ 7.83777535e-01],\n",
      "       [ 1.01352167e+03]]), 'obj_id': 5} 4\n",
      "572.411363389757 573.5704328585578 325.2611083984375 242.04899588216654\n",
      "\n",
      "{'cam_R_m2c': array([[ 0.37549978, -0.84995091,  0.36957183],\n",
      "       [-0.05804608, -0.41953531, -0.90588117],\n",
      "       [ 0.92500299,  0.31870595, -0.20687169]]), 'cam_t_m2c': array([[ 162.66207886],\n",
      "       [ 114.68991089],\n",
      "       [1102.56201172]]), 'obj_id': 6} 5\n",
      "572.411363389757 573.5704328585578 325.2611083984375 242.04899588216654\n",
      "\n",
      "{'cam_R_m2c': array([[ 0.99373645, -0.06004626,  0.09424616],\n",
      "       [ 0.00173744, -0.83496791, -0.55029577],\n",
      "       [ 0.11173574,  0.54701269, -0.82963371]]), 'cam_t_m2c': array([[ -1.12044919],\n",
      "       [ 10.2344141 ],\n",
      "       [821.40093994]]), 'obj_id': 1} 0\n",
      "572.411363389757 573.5704328585578 325.2611083984375 242.04899588216654\n",
      "\n",
      "{'cam_R_m2c': array([[ 0.583359  ,  0.80672795,  0.09424618],\n",
      "       [ 0.70581293, -0.44609714, -0.55029577],\n",
      "       [-0.401896  ,  0.38754016, -0.82963377]]), 'cam_t_m2c': array([[  86.31784821],\n",
      "       [-112.70006561],\n",
      "       [ 912.93841553]]), 'obj_id': 2} 1\n",
      "572.411363389757 573.5704328585578 325.2611083984375 242.04899588216654\n",
      "\n",
      "{'cam_R_m2c': array([[-0.97886729, -0.1814841 ,  0.09424614],\n",
      "       [-0.20313692,  0.8098827 , -0.55029571],\n",
      "       [ 0.0235416 , -0.55781132, -0.82963383]]), 'cam_t_m2c': array([[  49.94039154],\n",
      "       [-169.20883179],\n",
      "       [ 946.07952881]]), 'obj_id': 3} 2\n",
      "572.411363389757 573.5704328585578 325.2611083984375 242.04899588216654\n",
      "\n",
      "{'cam_R_m2c': array([[ 0.41188678, -0.90634823,  0.09424617],\n",
      "       [-0.73712265, -0.39220539, -0.55029589],\n",
      "       [ 0.53572345,  0.1571887 , -0.82963407]]), 'cam_t_m2c': array([[165.00805664],\n",
      "       [216.30419922],\n",
      "       [701.16564941]]), 'obj_id': 4} 3\n",
      "572.411363389757 573.5704328585578 325.2611083984375 242.04899588216654\n",
      "\n",
      "{'cam_R_m2c': array([[-0.91926557,  0.3821899 ,  0.09424618],\n",
      "       [ 0.2718159 ,  0.78948754, -0.55029589],\n",
      "       [-0.2847237 , -0.4802503 , -0.82963407]]), 'cam_t_m2c': array([[191.39237976],\n",
      "       [159.98216248],\n",
      "       [742.37304688]]), 'obj_id': 5} 4\n",
      "572.411363389757 573.5704328585578 325.2611083984375 242.04899588216654\n",
      "\n",
      "{'cam_R_m2c': array([[-0.90826827, -0.40763611,  0.09424621],\n",
      "       [-0.38874742,  0.73895192, -0.55029595],\n",
      "       [ 0.15467702, -0.53645408, -0.82963413]]), 'cam_t_m2c': array([[ 132.08473206],\n",
      "       [-133.64881897],\n",
      "       [ 932.61401367]]), 'obj_id': 6} 5\n",
      "572.411363389757 573.5704328585578 325.2611083984375 242.04899588216654\n",
      "\n",
      "{'cam_R_m2c': array([[-0.04023012,  0.9955231 , -0.08552922],\n",
      "       [ 0.93547583,  0.00744914, -0.3533121 ],\n",
      "       [-0.35109326, -0.0942243 , -0.93158752]]), 'cam_t_m2c': array([[  2.83415461],\n",
      "       [  7.99980927],\n",
      "       [983.66253662]]), 'obj_id': 1} 0\n",
      "572.411363389757 573.5704328585578 325.2611083984375 242.04899588216654\n",
      "\n",
      "{'cam_R_m2c': array([[-0.86198682,  0.49966326, -0.08552925],\n",
      "       [ 0.49515018,  0.7937234 , -0.35331216],\n",
      "       [-0.10865054, -0.34690025, -0.93158746]]), 'cam_t_m2c': array([[145.74803162],\n",
      "       [ 99.76883698],\n",
      "       [935.79272461]]), 'obj_id': 2} 1\n",
      "572.411363389757 573.5704328585578 325.2611083984375 242.04899588216654\n",
      "\n",
      "{'cam_R_m2c': array([[ 0.27922916, -0.95640796, -0.08552926],\n",
      "       [-0.90604353, -0.23292954, -0.35331222],\n",
      "       [ 0.31798828,  0.17614834, -0.93158793]]), 'cam_t_m2c': array([[214.23628235],\n",
      "       [ 69.76564789],\n",
      "       [940.69799805]]), 'obj_id': 3} 2\n",
      "572.411363389757 573.5704328585578 325.2611083984375 242.04899588216654\n",
      "\n"
     ]
    },
    {
     "name": "stdout",
     "output_type": "stream",
     "text": [
      "{'cam_R_m2c': array([[ 0.86100924,  0.50134605, -0.08552923],\n",
      "       [ 0.44427928, -0.82327777, -0.35331213],\n",
      "       [-0.24754597,  0.26620615, -0.93158746]]), 'cam_t_m2c': array([[-250.15103149],\n",
      "       [ 147.64709473],\n",
      "       [ 951.77038574]]), 'obj_id': 4} 3\n",
      "572.411363389757 573.5704328585578 325.2611083984375 242.04899588216654\n",
      "\n",
      "{'cam_R_m2c': array([[-0.2880294 , -0.95379472, -0.08552926],\n",
      "       [-0.88632315,  0.29933614, -0.35331219],\n",
      "       [ 0.36258924, -0.02595765, -0.93158793]]), 'cam_t_m2c': array([[-183.64723206],\n",
      "       [ 177.14619446],\n",
      "       [ 935.2354126 ]]), 'obj_id': 5} 4\n",
      "572.411363389757 573.5704328585578 325.2611083984375 242.04899588216654\n",
      "\n",
      "{'cam_R_m2c': array([[ 0.49730656, -0.86334866, -0.08552925],\n",
      "       [-0.82535034, -0.44041723, -0.35331213],\n",
      "       [ 0.26736298,  0.24629603, -0.93158752]]), 'cam_t_m2c': array([[169.26464844],\n",
      "       [144.69741821],\n",
      "       [917.11175537]]), 'obj_id': 6} 5\n",
      "572.411363389757 573.5704328585578 325.2611083984375 242.04899588216654\n",
      "\n",
      "{'cam_R_m2c': array([[-0.48671401,  0.63362044,  0.6013611 ],\n",
      "       [-0.25760332,  0.55368531, -0.79187959],\n",
      "       [-0.83471584, -0.54033124, -0.10626381]]), 'cam_t_m2c': array([[ -11.92195892],\n",
      "       [  16.49654007],\n",
      "       [1324.5793457 ]]), 'obj_id': 1} 0\n",
      "572.411363389757 573.5704328585578 325.2611083984375 242.04899588216654\n",
      "\n",
      "{'cam_R_m2c': array([[-0.79579467, -0.07124825,  0.60136104],\n",
      "       [-0.60550421,  0.07932021, -0.79187953],\n",
      "       [ 0.00871985, -0.99429989, -0.10626397]]), 'cam_t_m2c': array([[  34.32086182],\n",
      "       [  73.22523499],\n",
      "       [1164.01501465]]), 'obj_id': 2} 1\n",
      "572.411363389757 573.5704328585578 325.2611083984375 242.04899588216654\n",
      "\n",
      "{'cam_R_m2c': array([[ 0.62520766, -0.49747396,  0.60136104],\n",
      "       [ 0.38357976, -0.4751775 , -0.79187948],\n",
      "       [ 0.67969257,  0.72575903, -0.10626373]]), 'cam_t_m2c': array([[  93.03172302],\n",
      "       [ 118.8433075 ],\n",
      "       [1154.6920166 ]]), 'obj_id': 3} 2\n",
      "572.411363389757 573.5704328585578 325.2611083984375 242.04899588216654\n",
      "\n",
      "{'cam_R_m2c': array([[ 0.33226013,  0.72661418,  0.60136098],\n",
      "       [ 0.36881217,  0.48672846, -0.79187942],\n",
      "       [-0.86809033,  0.48489919, -0.1062637 ]]), 'cam_t_m2c': array([[-241.71566772],\n",
      "       [-161.46018982],\n",
      "       [1331.37768555]]), 'obj_id': 4} 3\n",
      "572.411363389757 573.5704328585578 325.2611083984375 242.04899588216654\n",
      "\n",
      "{'cam_R_m2c': array([[ 0.25235617, -0.7580775 ,  0.60136098],\n",
      "       [ 0.06206051, -0.60751599, -0.79187953],\n",
      "       [ 0.96564227,  0.23715653, -0.10626388]]), 'cam_t_m2c': array([[-214.01927185],\n",
      "       [-131.1739502 ],\n",
      "       [1269.07177734]]), 'obj_id': 5} 4\n",
      "572.411363389757 573.5704328585578 325.2611083984375 242.04899588216654\n",
      "\n",
      "{'cam_R_m2c': array([[ 0.72504956, -0.33566079,  0.60136098],\n",
      "       [ 0.48499522, -0.37108845, -0.79187953],\n",
      "       [ 0.48896092,  0.86580908, -0.10626367]]), 'cam_t_m2c': array([[  27.00399208],\n",
      "       [  75.45670319],\n",
      "       [1110.51672363]]), 'obj_id': 6} 5\n",
      "572.411363389757 573.5704328585578 325.2611083984375 242.04899588216654\n",
      "\n",
      "{'cam_R_m2c': array([[-0.00803614,  0.99994034, -0.00740422],\n",
      "       [ 0.89512759,  0.00389273, -0.44579321],\n",
      "       [-0.44573775, -0.01021015, -0.89510548]]), 'cam_t_m2c': array([[  1.27966917],\n",
      "       [  9.83984756],\n",
      "       [994.30957031]]), 'obj_id': 1} 0\n",
      "572.411363389757 573.5704328585578 325.2611083984375 242.04899588216654\n",
      "\n",
      "{'cam_R_m2c': array([[-0.84845942,  0.52920943, -0.00740423],\n",
      "       [ 0.47652489,  0.75775492, -0.4457933 ],\n",
      "       [-0.23030737, -0.38176563, -0.89510584]]), 'cam_t_m2c': array([[147.9606781 ],\n",
      "       [ 97.179245  ],\n",
      "       [949.65576172]]), 'obj_id': 2} 1\n",
      "572.411363389757 573.5704328585578 325.2611083984375 242.04899588216654\n",
      "\n",
      "{'cam_R_m2c': array([[ 0.24905185, -0.96846187, -0.00740424],\n",
      "       [-0.8677451 , -0.21974313, -0.44579315],\n",
      "       [ 0.43010664,  0.11745062, -0.89510548]]), 'cam_t_m2c': array([[215.71284485],\n",
      "       [ 68.23313904],\n",
      "       [963.31811523]]), 'obj_id': 3} 2\n",
      "572.411363389757 573.5704328585578 325.2611083984375 242.04899588216654\n",
      "\n",
      "{'cam_R_m2c': array([[ 0.87997621,  0.47496003, -0.0074042 ],\n",
      "       [ 0.42225787, -0.78928244, -0.44579312],\n",
      "       [-0.21757792,  0.38916087, -0.89510536]]), 'cam_t_m2c': array([[-247.74931335],\n",
      "       [ 144.04925537],\n",
      "       [ 927.28430176]]), 'obj_id': 4} 3\n",
      "572.411363389757 573.5704328585578 325.2611083984375 242.04899588216654\n",
      "\n",
      "{'cam_R_m2c': array([[-0.31989416, -0.94742441, -0.00740423],\n",
      "       [-0.84703523,  0.289482  , -0.44579312],\n",
      "       [ 0.42449865, -0.13633496, -0.89510548]]), 'cam_t_m2c': array([[-180.01124573],\n",
      "       [ 172.13218689],\n",
      "       [ 913.52716064]]), 'obj_id': 5} 4\n",
      "572.411363389757 573.5704328585578 325.2611083984375 242.04899588216654\n",
      "\n",
      "{'cam_R_m2c': array([[ 0.4708319 , -0.88219202, -0.00740425],\n",
      "       [-0.79125226, -0.41855556, -0.44579324],\n",
      "       [ 0.39017606,  0.21575235, -0.89510572]]), 'cam_t_m2c': array([[173.08609009],\n",
      "       [140.1394043 ],\n",
      "       [928.59100342]]), 'obj_id': 6} 5\n",
      "572.411363389757 573.5704328585578 325.2611083984375 242.04899588216654\n",
      "\n",
      "{'cam_R_m2c': array([[ 0.88244534,  0.47040513,  0.00305465],\n",
      "       [ 0.45447654, -0.85085291, -0.26363072],\n",
      "       [-0.12141416,  0.23402795, -0.96461922]]), 'cam_t_m2c': array([[   1.23865438],\n",
      "       [   4.78453159],\n",
      "       [1003.23126221]]), 'obj_id': 1} 0\n",
      "572.411363389757 573.5704328585578 325.2611083984375 242.04899588216654\n",
      "\n",
      "{'cam_R_m2c': array([[ 0.07589594,  0.9971112 ,  0.00305469],\n",
      "       [ 0.96190232, -0.0724086 , -0.26363072],\n",
      "       [-0.26264793,  0.02294685, -0.9646191 ]]), 'cam_t_m2c': array([[ 156.12168884],\n",
      "       [ -76.63449097],\n",
      "       [1026.02697754]]), 'obj_id': 2} 1\n",
      "572.411363389757 573.5704328585578 325.2611083984375 242.04899588216654\n",
      "\n",
      "{'cam_R_m2c': array([[-0.74288303, -0.66941416,  0.00305464],\n",
      "       [-0.64633375,  0.71606666, -0.26363066],\n",
      "       [ 0.17429078, -0.19782108, -0.96461874]]), 'cam_t_m2c': array([[ 159.15370178],\n",
      "       [-148.90003967],\n",
      "       [1045.6072998 ]]), 'obj_id': 3} 2\n",
      "572.411363389757 573.5704328585578 325.2611083984375 242.04899588216654\n",
      "\n",
      "{'cam_R_m2c': array([[ 0.82862246, -0.55979955,  0.00305466],\n",
      "       [-0.53933096, -0.79976338, -0.26363069],\n",
      "       [ 0.15002334,  0.21680285, -0.96461916]]), 'cam_t_m2c': array([[ 18.81674576],\n",
      "       [284.1880188 ],\n",
      "       [924.84332275]]), 'obj_id': 4} 3\n",
